300587475
300587475
300587475
264719083
260923979
185802816
279895175
4663477
293565824
133758662
54438526
208131338
298059162
145295791
283899465
299867766
143758373
260438987
297636189
294568030
208027821
113454890
295439817
183657997
161651738
299381957
300595668
210375616
272084216
263915183
270882551
299604949
246003473
187087334
139272679
285281607
244672829
176026982
299513168
275536179
290248573
277179901
235826935
293316962
222016823
90358454
133794262
135382706
152650874
231674621
233660826
202232208
287226890
278074659
240164385
296151887
297247438
284017756
85251445
235747622
299964073
279756816
268996131
20052200
192319429
293964762
289160200
195878226
181033910
87333316
293353561
178604279
139286567
174957530
38140870
160098842
141523644
194868162
135050087
27068988
217305162
222955472
254554367
233606013
287155775
252182951
90912814
157462640
166479189
48036730
257832932
34045166
294943044
208944385
159428884
230309379
275017231
279558376
287113969
271182988
293003315
276346175
180029205
291393141
235821190
184510881
168274985
267951636
189230136
137400626
251065444
286239843
287920072
281888871
296540353
299109882
285679898
300593561
274732989
173284955
221061681
299001996
168127734
291037179
269906977
286611911
205452022
172305121
266410167
290648198
201949077
217838134
280148978
298410586
287226890
32392613
300395421
281851819
133905162
298912343
218842053
299347564
128246604
214174076
299246806
221745259
300150527
288084733
275352191
194974053
154548570
249701530
262572565
272672451
95226647
296777120
116231193
290156217
290458488
290402517
300469060
101190426
229206419
198612405
26960911
37739140
197178505
153631872
155540874
258151202
294913383
284040866
64415137
295627533
292049566
138087510
178934607
194185655
250280451
185676663
210677390
233266384
201799264
221061681
32392613
276972043
201017279
230824920
285541879
102121633
160356411
136223441
236691166
205452022
187367955
188778873
282884726
137259014
257628728
92919935
218842053
255624585
295381008
169905541
249701530
120944587
279939923
280707770
279405122
281350735
294568030
216593240
206217450
299437789
172250830
103113094
224248265
241034848
297082312
298483570
266611678
227576572
274221701
108822296
146026551
286629895
117062772
264936180
300584873
192337981
153876282
219183172
280881058
29569738
262708629
290887940
56242097
224227859
294899848
292004096
56760500
295856685
240544854
50423428
236891238
138813449
144741237
208091629
281295740
299478717
300386722
153178073
300341950
200440518
126114564
157541961
255828674
162522465
246248911
232910795
270831846
278309644
255801795
299094092
263641846
186070555
268597983
105362628
265049266
300047392
252027794
163559365
136411783
300562363
219595177
200964856
300451735
288330566
184139840
200425201
254521253
168059451
245867835
171203347
221751514
272238079
136272438
158354508
269997641
204331188
277507562
274070955
291716901
235469818
272049624
283978256
300493016
228118788
253857387
111380695
115701032
277008788
291877023
224673644
31370344
205902491
152786697
168392685
180108815
280007581
267781264
181006695
280441910
207147965
199300284
241390631
248534828
287015590
282179323
180399157
176052879
299276170
300522466
228938310
218977841
276350292
258121402
162862301
263007659
283844811
221229055
284183075
209204259
295555231
50910844
243497427
