15777881
15778820
15780269
15783060
15784689
15787622
15793172
15796829
15797768
15800586
15800874
15802360
15807030
15807400
15808185
15821442
15821941
15825978
15828742
15837254
15840244
15840510
15843512
15845447
15848106
15851490
15853954
15862989
15865337
15865656
15868165
15870638
15872435
15873828
15876908
15878679
15879078
15881373
15881716
15882922
15883715
15883879
15887240
15887553
15889323
15895178
15896532
15899641
15901404
15904775
15905764
15906336
15908964
15913898
15915070
15923675
15925490
15927367
15927438
15927973
15931934
15932566
15934167
15939629
15947914
15948365
15949583
15950794
15953359
15954070
15954301
15955895
15956410
15957455
15962718
15962742
15969014
15969326
15977183
15978077
15978191
15980847
15984266
15986910
15989434
15997278
15997595
16002718
16002885
16005001
16006161
16006656
16012171
16012363
16014793
16016124
16016435
16017330
16020107
16021471
