5161220
5161531
5161556
5161747
5161787
5162096
5162143
5163077
5163244
5163681
5163755
5164088
5164172
5164246
5164460
5164881
5164992
5166806
5167133
5167625
5167698
5167766
5167967
5168177
5168244
5168612
5169216
5169648
5170424
5170637
5170703
5171120
5171430
5171667
5172156
5173148
5173443
5173860
5173898
5173985
5174001
5174359
5174594
5174745
5176050
5176930
5177061
5177210
5177479
5177726
5177868
5177881
5178745
5179182
5179461
5180004
5180010
5180124
5180505
5181044
5181377
5181451
5181641
5181765
5182587
5183469
5184164
5184646
5185003
5185391
5186814
5187226
5187588
5187972
5188482
5188512
5188721
5188740
5189790
5190179
5191175
5191926
5192599
5192727
5192934
5192955
5193428
5193698
5193833
5194059
5194687
5195031
5195349
5195580
5196012
5196444
5196615
5196736
5196883
5197912
5198694
5198979
5199469
5199827
5200049
5200206
5200412
5200454
5201186
5201750
5202179
5202276
5203480
5203552
5204012
5204151
5204542
5204727
5205162
5205616
5205691
5206379
5206678
5207131
5207350
5207960
5208085
5208125
5208240
5208325
5209155
5209478
5210186
5210422
5210692
5210868
5211307
5211564
5211664
5211670
5211803
5212216
5212334
5212453
5213009
5213014
5213160
5213273
5213366
5214108
5214339
5215548
5216101
5216102
5216290
5216356
5216414
5216488
5217591
5218169
5218206
5218675
5218707
5219631
5219668
5219716
5219962
5220388
5221093
5221279
5221341
5221896
5222362
5223260
5223393
5224109
5225036
5226130
5226559
5226649
5226691
5226918
5227136
5227700
5227717
5227806
5228016
5228034
5228071
5228626
5228771
5229629
5229935
5230187
5230665
5230689
5231355
5231362
5231646
5232593
5232827
5233031
5233122
5233696
5234448
5235035
5235092
5235150
5235161
5235269
5236016
5236671
5236680
5236817
5236855
5237677
5238600
5239010
5239148
5239273
5239437
5240064
5241105
5241129
5241186
5241195
5241549
5242543
5242562
5242721
5243209
5243289
5243312
5243327
5243593
5243792
5243855
5244154
5244170
5244776
5244919
5245789
5247030
5247176
5247260
5247284
5247823
5247834
5248071
5248267
5249619
5249625
5249726
5250143
5250166
5250435
5250568
5250710
5251030
5251085
5251898
5252882
5253398
5253944
5255121
5255413
5255572
5255681
5255913
5256388
5257453
5257473
5257850
5258329
5258510
5259098
5259314
5259481
5259868
5259948
5260231
5260304
5260616
5260635
5260696
5261063
5261412
5261472
5261570
5262704
5262709
5262838
5263264
5263404
5263638
5263664
5263927
5264058
5264364
5264389
5264748
5264986
5265409
5265758
5265862
5266008
5266019
5266113
5266538
5267243
5267310
5267337
5267354
5268093
5268096
5269163
5269290
5269764
5270063
5270097
5270423
5270725
5271279
5271371
5271681
5271700
5272480
5272944
5273426
5274282
5274513
5274570
5275096
5275376
5275885
5276286
5276333
5276443
5276485
5276935
5277293
5277342
5277808
5278447
5278506
5278621
5278809
5278857
5279213
5279502
5279746
5280001
5280159
5280204
5280475
5281565
5281641
5282102
5282185
5282329
5282551
5282601
5282713
5283189
5283362
5283444
5283782
5283862
5283888
5284966
5285481
5285590
5285616
5286162
5286571
5286790
5287351
5287519
5287661
5288081
5288291
5288414
5288704
5288993
5289079
5289479
5289606
5289970
5290964
5291523
5291562
5291755
5293190
5293606
5294348
5294867
5294940
5295126
5295354
5295501
5295759
5296210
5296373
5297523
5297543
5297624
5297665
5297893
5297916
5298076
5298734
5298804
5298892
5300052
5300189
5300638
5300838
5301177
5301354
5301578
5301725
5301895
5302419
5302720
5303376
5303528
5304178
5304953
5304998
5305408
5305417
5305574
5305762
5306077
5306663
5306936
5307220
5307587
5308281
5308360
5308723
5308857
5309030
5309081
5309132
5309192
5309485
5309767
5310754
5310900
5310995
5311102
5311320
5311341
5312042
5312719
5312863
5314453
5314454
5314686
5315331
5315980
5315982
5316654
5317135
5317164
5317568
5317685
5317818
5318756
5319003
5319524
5319845
5319936
5320147
5321222
5321262
5322081
5323031
5323889
5324249
5324268
5324600
5324683
5324784
5325313
5325703
5325844
5326040
5326184
5326276
5326329
5326826
5326926
5327199
5327332
5327540
5327659
5327895
5328093
5328656
5328753
5328939
5329241
5329518
5329911
5329925
5329942
5330441
5330969
5331014
5331225
5331534
5331830
5332064
5332331
5332988
5333397
5334627
5334660
5335041
5335243
5335360
5336146
5336210
5336247
5336781
5337154
5337269
5337371
5337375
5337877
5337878
5337946
5338032
5338225
5339106
5339230
5339365
5339415
5340329
5340457
5340754
5340760
5341293
5341440
5341937
5342287
5342500
5342724
5342738
5343039
5343167
5343333
5343351
5343604
5343641
5344078
5344127
5344549
5345610
5345652
5346052
5346084
5346354
5347833
5347841
5347925
5348292
5348617
5349709
5350093
5350137
5351115
5351672
5351778
5352325
5352405
5352500
5353026
5353604
5353863
5353941
5354099
5354617
5354861
5355437
5356166
5356517
5356635
5356877
5357213
5357294
5358089
5358234
5358477
5358728
5359076
5359541
5360036
5360041
5360282
5360364
5360813
5360854
5361174
5361229
5361942
5362011
5362176
5362827
5362965
5363070
5363912
5364406
5364965
5365460
5365611
5366281
5366342
5366369
5368325
5369021
5369178
5369419
5369451
5369637
5369731
5370092
5370098
5370201
5370293
5370582
5370970
5370991
5371091
5371641
5371785
5371871
5372616
5372961
5373362
5374501
5374637
5375068
5375659
5375683
5375981
5376256
5376523
5377017
5377496
5377808
5378819
5379603
5379817
5379972
5380187
5380199
5380527
5381170
5381268
5381685
5381918
5382165
5382609
5382851
5382886
5382887
5382981
5383287
5383313
5383358
5384085
5385147
5385235
5385362
5385814
5385822
5386531
5386592
5387169
5387265
5388087
5388117
5388276
5388694
5388908
5389177
5389676
5390326
5390645
5391449
5391728
5392482
5392902
5393328
5393389
5393443
5393457
5393563
5394106
5394845
5394964
5395125
5395808
5396386
5396531
5396853
5397112
5397798
5398134
5398184
5398381
5398386
5398424
5398758
5398958
5399049
5399173
5400217
5400803
5401210
5401259
5401359
5401629
5402150
5402268
5402382
5402457
5402832
5402908
5402962
5403493
5403676
5403841
5403899
5404372
5404746
5405079
5405323
5405921
5406682
5406755
5407510
5407613
5408095
5408503
5408700
5409039
5409135
5409257
5409831
5409926
5410123
5410124
5410659
5411458
5411468
5411968
5412163
5413360
5414039
5414117
5414120
5414143
5414446
5414859
5416963
5417308
5417871
5418441
5418804
5419817
5419832
5420151
5420221
5420229
5420690
5420885
5422036
5422575
5423488
5424026
5424222
5424690
5425055
5425379
5425382
5425836
5426489
5427383
5427384
5427759
5427892
5428231
5428536
5428817
5429061
5429894
5430248
5430883
5433024
5434524
5435125
5435209
5435417
5435426
5435788
5436709
5436986
5437075
5437241
5437287
5437914
5437962
5438078
5438146
5438623
5439499
5439754
5439898
5439929
5440930
5441042
5441633
5441964
5443056
5443522
5443560
5443618
5443880
5444161
5445057
5445127
5445199
5445245
5445723
5446226
5446584
5447272
5447577
5447694
5447920
5448911
5448914
5448921
5449076
5449230
5450351
5450390
5451030
5451233
5451234
5451387
5451714
5451881
5451910
5452765
5452906
5453246
5453251
5453870
5454911
5455672
5456138
5456581
5456656
5457022
5457259
5457505
5457809
5457978
5458107
5458415
5459259
5459557
5459628
5459669
5459889
5459899
5460401
5460961
5461117
5461161
5461247
5461446
5461792
5462025
5462261
5462293
5462457
5464624
5464635
5464658
5464913
5464949
5465855
5465940
5466483
5466569
5467282
5467400
5467544
5468202
5468683
5468770
5469114
5469129
5469325
5469446
5469822
5469885
5470245
5470761
5470782
5470849
5471907
5472493
5472944
5473206
5474619
5474750
5474947
5475053
5475289
5475381
5475733
5477276
5477355
5477713
5478442
5479788
5479816
5480698
5481432
5482127
5482268
5483285
5483378
5483688
5485061
5485074
5485914
5485978
5486172
5486183
5486275
5486694
5487356
5487657
5488141
5488986
5489008
5489049
5489198
5489328
5489374
5489894
5490018
5490074
5490140
5490450
5490555
5490623
5490947
5490970
5491878
5492107
5492439
5493157
5493384
5493750
5493934
5494412
5494530
5494545
5495096
5495577
5495601
5495617
5495626
5495696
5495734
5496025
5496660
5496737
5497119
5497760
5497944
5498384
5498545
5499426
5499731
5499790
5499802
5499873
5500280
5501195
5501437
5501969
5502368
5503042
5503277
5503709
5503830
5504274
5504803
5506644
5507142
5507416
5507794
5507975
5508000
5508015
5508146
5508894
5509357
5509792
5509889
5510018
5510632
5510838
5513841
5514575
5514655
5514776
5515258
5515377
5515385
5515737
5515953
5515955
5516000
5516516
5516717
5516871
5517350
5517429
5517545
5517613
5517658
5518155
5518655
5519911
5520745
5520905
5521019
5521021
5521111
5521348
5521809
5522278
5522400
5522671
5522690
5522808
5523007
5523072
5523228
5523399
5523455
5523998
5524479
5524882
5525051
5525071
5525547
5526404
5526799
5526835
5526882
5527175
5527689
5527924
5528250
5528370
5528491
5528656
5528839
5529495
5530493
5530550
5530783
5530804
5530841
5531054
5531149
5531160
5531237
5531550
5531773
5532020
5532060
5532644
5532837
5533174
5534088
5534326
5534500
5534520
5534600
5535404
5535880
5536603
5536863
5537303
5537935
5538634
5538677
5538709
5538723
5538762
5538811
5539642
5539738
5540243
5541042
5542703
5542799
5543069
5543410
5544216
5544227
5544466
5544808
5545178
5545184
5545294
5545459
5545542
5545665
5545910
5546124
5546362
5546495
5546704
5546926
5547118
5547683
5547889
5548056
5548156
5548388
5548422
5548473
5548509
5548827
5548968
5549036
5549806
5549848
5549874
5550029
5550174
5550336
5550337
5550725
5550918
5551032
5551197
5551665
5551817
5552712
5552873
5553976
5554183
5554570
5554814
5554907
5557080
5557962
5558461
5559036
5559550
5559618
5559917
5560072
5560211
5560272
5560380
5560986
5561021
5561263
5561433
5561495
5561788
5562294
5562438
5562549
5562629
5563011
5563051
5563420
5563623
5564888
5565787
5565981
5566202
5566440
5566551
5566657
5566973
5567111
5567487
5567918
5569238
5570703
5570919
5571731
5571836
5571958
5571974
5572354
5572420
5572695
5573096
5573256
5573308
5573431
5574620
5574738
5575062
5575077
5575274
5575289
5575507
5575592
5575649
5575925
5576372
5577493
5577955
5577986
5577988
5578311
5578540
5578874
5578987
5579599
5579984
5580733
5580748
5580944
5581031
5581041
5581079
5581096
5581140
5581233
5581244
5581246
5582459
5583197
5583724
5584287
5584322
5584357
5584611
5584749
5585056
5585193
5585492
5585712
5585786
5585990
5586794
5586977
5587050
5587145
5587226
5587651
5588310
5588955
5590445
5590521
5590543
5590600
5591281
5591305
5591704
5592017
5593009
5593209
5593605
5593747
5593847
5594004
5594308
5594612
5594650
5594904
5595104
5595172
5595942
5596145
5596833
5596981
5597045
5597225
5597242
5597882
5598111
5598267
5598946
5598983
5599365
5599616
5600558
5600712
5600948
5601578
5601721
5601950
5602117
5602406
5602866
5603275
5603961
5604289
5604869
5604981
5605534
5605682
5605705
5606139
5606201
5606538
5606585
5606895
5607113
5607623
5607670
5607844
5608839
5609326
5609343
5609756
5609924
5610187
5610885
5610974
5610993
5612338
5612607
5612898
5613568
5614114
5614327
5614413
5614542
5614617
5614819
5615828
5615988
5616204
5616769
5617609
5617874
5618313
5618404
5618443
5618589
5618911
5619323
5620364
5620390
5621098
5622023
5622250
5622888
5623518
5623790
5624174
5624451
5624631
5624740
5624808
5624902
5625651
5625688
5626435
5627099
5627226
5627345
5627843
5628483
5629194
5629497
5630808
5631341
5631826
5632033
5632259
5632312
5632524
5632735
5632865
5633032
5634710
5634751
5634874
5635368
5635517
5635525
5635900
5636033
5636797
5637361
5637614
5638164
5638300
5639756
5639798
5640753
5641240
5641487
5641593
5641903
5642101
5642691
5642756
5643003
5643421
5643737
5643865
5644271
5644758
5644814
5645225
5645560
5645727
5645975
5645995
5647456
5648598
5648770
5648783
5649874
5651627
5651712
5651834
5651877
5651949
5652925
5653100
5653295
5653803
5653940
5654680
5654973
5655602
5656616
5656902
5656912
5657520
5658028
5658711
5659459
5659617
5659627
5659632
5659657
5659906
5661134
5661406
5661567
5661636
5661910
5662136
5662490
5662508
5662519
5662715
5662791
5662822
5663675
5664624
5664821
5664852
5665113
5665341
5665880
5665928
5666017
5666719
5667250
5667322
5667566
5667801
5667822
5668240
5668709
5669403
5670089
5670103
5670460
5671102
5671336
5671975
5672612
5672895
5673060
5673094
5673208
5673274
5673392
5673454
5673511
5673516
5673977
5674121
5674393
5674920
5675395
5676111
5676185
5677021
5677259
5677367
5677446
5677625
5678041
5679083
5679470
5679881
5680182
5680428
5680499
5680965
5681250
5681454
5681615
5681882
5681985
5682922
5682970
5683153
5683552
5683949
5683963
5684148
5684211
5684317
5685042
5685198
5685588
5686078
5686873

