20255561
35092056
39278074
51252460
89447137
107034274
110947145
117462122
131809800
135055001
140985975
142796368
148282530
159619197
166268118
170601050
177168718
177532284
180356078
182460497
199336470
206570170
208624851
220703170
227718360
230166376
230863449
234567595
241862279
247898168
251706369
258115233
258269025
259251588
262026113
269971048
277758729
282810125
284324249
287376738
299945904
304637341
304806618
308335461
319319035
320870189
323649493
330464677
332086959
332337797
333024992
333360598
334611971
335077279
335829092
336068727
336411809
336524307
336639018
336673286
337296908
337539973
337697319
