60191872
13295252
52255475
30127198
60068119
65420545
24261502
34985835
68990901
10190856
8337923
57224893
81222855
53966216
59721672
36539410
39130136
35355861
72686157
62584051
55897568
53194143
69531273
53393661
36352266
47160067
23431427
74738426
78473051
47350356
46258034
42401799
69079781
39673900
69172741
41523334
82792735
61413825
68999007
53987979
77819881
67780676
52160189
61898240
48177500
41504640
41356567
51859236
68101640
82235375
24370682
71221314
52641008
65947831
50125055
32538224
22633410
67937747
11793583
58980886
60682774
77808180
49515246
30739877
39722061
24908386
26734396
50061797
58089365
55576152
35359693
23076510
33704965
37682425
53242527
22956686
57079423
66939974
21211791
53331751
25898280
16526901
50069003
78624201
67004847
69596891
48260982
63328766
62919013
260
55778655
77778520
76071238
53946539
59604040
53294952
65233201
45432243
49938046
47846381
20186820
86491360
66184500
39422230
52629688
53943458
54787386
53364474
25850386
74233087
35213708
49098642
65657458
72690157
63675679
82014283
49479753
76143719
73372981
66662460
55262798
50016775
48333413
76538021
75441946
34033961
33879877
60399340
33769416
66027765
76862936
35354133
14778371
60042211
69826673
53678484
14446726
37765841
34245360
62177611
78052966
71334356
36446917
68172738
50704665
23990493
534
23491895
36697600
71480694
55734302
82918460
77472056
82957864
9436169
78020815
52199211
58547989
84519822
14592581
71461124
51393111
28408850
78754480
54305980
76685635
83614566
56839212
56638180
77208800
50288217
62927970
55888808
89108626
1867
65738841
76726600
75408673
28950811
28550100
50538680
51078836
81790299
58846003