140279714
90154183
69022600
64777846
290170819
293184853
293184853
292032743
290170819
289590025
289498710
277859517
277539458
277223013
253863784
205831219
141022685
140279714
64777846
49562201
238258761
233627768
228970462
214734993
205831219
203265432
202552199
185888876
180711853
174575887
155449522
242307765
232117252
213927318
204307068
203265432
196268336
195164686
185888876
182208672
180727071
173610311
167711935
137001533
136985753
135195523
64777846
59568570
58097936
48834525
17159156
280043098
277859517
273165065
272483655
272090529
272003725
261294725
243730313
236849700
228970462
225855933
210324246
207819954
203265432
202552199
199459469
196415531
196268336
195164686
184394774
181272441
179636153
177185839
167711935
165586575
136800983
32853075
