290813158
159070981
157783794
157380759
156931204
156164052
156057073
152584534
147830810
139560341
138533819
136198112
134977865
132991040
120017377
115052135
106829225
103003600
102749304
102548761
98356890
94980361
83121749
70453262
70117823
61226303
58436906
138533819
267917593
266856718
259500366
256819955
255702018
255539135
175438542
175088242
173446648
172366953
70117823
68413048
61790752
58436906
53190622
52483216
52428589
37400836
34879002
34212386
30555867
26501938
22910535
21727837
19561836
18777789
15306025
13496600
13489304
13475076
10001294
