4159184
4564457
5203324
9453687
22490662
22734097
22799738
24687565
27016665
28611253
29010922
31549026
32256744
33486690
35431306
40047720
41246440
48019571
48484769
49906561
50083007
50432135
51107161
52432788
53252136
53845634
53906904
55628079
55920606
56182852
57185198
57502008
58048290
59792290
59917298
59958766
60954036
61727302
62065368
63548645
64359637
64962426
65558500
65672385
66176168
67375047
67887195
69121922
71390090
72288809
72500145
72799739
76620920
77051330
80156703
83743481
83966733
85209168
85621947
85923797
88013783
88025422
89103038
89841024
90172032
90428304
94887863
95728394
95850754
98116768
98733645
99340289
99382786
99645667
99917565
101483747
102109412
102903222
106927236
107450599
109317610
109468034
109496997
111169649
114250037
114748120
114774294
114953953
116732524
118715786
119564290
120022181
120358090
121542753
122834092
124865552
125900799
126642072
130750545
131853947
