131853947
130750545
126642072
125900799
124865552
122834092
121542753
120358090
120022181
119564290
118715786
116732524
114953953
114774294
114748120
114250037
111169649
109496997
109468034
109317610
107450599
106927236
102903222
102109412
101483747
99917565
99645667
99382786
99340289
98733645
98116768
95850754
95728394
94887863
90428304
90172032
89841024
89103038
88025422
88013783
85923797
85621947
85209168
83966733
83743481
80156703
77051330
76620920
72799739
72500145
72288809
71390090
69121922
67887195
67375047
66176168
65672385
65558500
64962426
64359637
63548645
62065368
61727302
60954036
59958766
59917298
59792290
58048290
57502008
57185198
56182852
55920606
55628079
53906904
53845634
53252136
52432788
51107161
50432135
50083007
49906561
48484769
48019571
41246440
40047720
35431306
33486690
32256744
31549026
29010922
28611253
27016665
24687565
22799738
22734097
22490662
9453687
5203324
4564457
4159184
