9678071
10531272
11641113
12073093
17882574
19073415
20800211
21178768
24162115
25879251
36626950
38499028
45790607
46517966
49543440
51694625
56639602
57582868
58112277
64875967
66742837
67708015
71124278
75748350
76494223
81306790
83079915
87497391
98131747
98583264
100076492
102211972
104012145
107114879
107543762
108389621
121325368
124119753
125954453
126451346
132306436
132937200
133072175
133818141
135535150
140580396
141024874
142948793
145745933
155882901
162243292
163693237
164017487
170540023
170767086
181435585
181803638
184827055
184987376
192516332
193204099
193772169
206626258
218402686
219959828
224740296
225906142
232443876
233823703
236647699
237042282
245794498
253886437
254517435
256349501
263665701
264413909
267917097
271035006
274051924
276801441
279444480
280684431
282495050
286671534
286914432
290927354
294733266
300405807
303954810
316186370
322994381
