123910336
141258322
148906207
155190935
166603412
167343831
174350225
180639830
180692493
184254998
184746569
186147864
186473020
186581040
188706280
191094675
195282614
195525356
196219100
196601818
205355938
205819822
208045148
210597047
211169720
211186130
213000166
216648549
219867973
220399903
220562535
221341897
221765428
222615920
224505782
229352613
230105215
230481036
231927985
233909093
234368212
234405983
234548902
234647302
234993296
235201243
235674529
236625015
236713048
236744546
236883820
239351810
240301933
240516565
241498505
242108601
242352745
243156937
243302818
243308463
243856003
244186295
244495311
244631365
244910584
245390619
246019582
246239684
247542722
247821481
248009614
248235527
248316794
248548228
248797221
248878701
248885671
249977163
250289820
250749977
251196137
251820431
252222756
252923131
253151737
253670383
253851393
254249223
254283029
254321548
254794654
255016948
255297252
255391427
255400859
255523667
255792165
255937427
256447947
256454263
