256454263
256447947
255937427
255792165
255523667
255400859
255297252
255016948
254794654
254321548
254283029
254249223
253851393
253670383
253151737
252923131
252222756
251820431
251196137
249977163
248885671
248878701
248797221
248548228
248316794
248235527
248009614
247542722
246239684
246019582
245390619
244910584
244631365
244495311
244186295
243856003
243308463
243302818
243156937
242352745
242108601
241498505
240516565
240301933
239351810
236883820
236744546
236713048
235674529
235201243
234647302
234548902
234405983
234368212
233909093
231927985
230481036
230105215
229352613
224505782
222615920
221765428
221341897
220562535
220399903
219867973
216648549
213000166
211186130
211169720
210597047
208045148
205819822
205355938
196601818
196219100
195525356
195282614
191094675
188706280
186581040
186473020
186147864
184746569
184254998
180692493
180639830
174350225
167343831
166603412
155190935
148906207
141258322
123910336
