324868813
323884822
317774086
315230913
314122110
311971523
309605848
305970178
297351976
294757397
294019885
287839374
286845483
283379650
282907005
281629544
280409799
279102502
277825051
271402759
266281746
263211552
261028194
258930541
258486963
257936091
248503231
247993963
246836805
244719527
244603985
244485464
237613867
237543661
234529850
234403525
228929947
228364111
227571100
220178254
219479152
219086407
218612853
215137418
211551679
210296811
209344883
204674686
202259441
196176058
193012759
190820436
185665038
185633541
182737714
182253728
180294738
179404000
177785569
176139068
174157380
170713246
165983729
165487751
164950704
162514010
162424403
161418914
157964386
157454354
156382202
155388156
153266611
152272111
151749504
112507498
61471531
58389308
40616945
