40616945
58389308
61471531
93480454
112507498
151749504
152272111
153266611
155388156
156382202
157454354
157964386
161418914
162424403
162514010
164950704
165487751
165983729
170713246
174157380
176139068
177785569
179404000
180294738
182253728
182737714
185633541
185665038
190820436
193012759
196176058
202259441
204674686
209344883
210296811
211551679
215137418
218612853
219086407
219479152
220178254
227571100
228364111
228929947
234403525
234529850
237543661
237613867
244485464
244603985
244719527
246836805
247993963
248503231
257936091
258486963
258930541
261028194
263211552
266281746
271402759
277825051
279102502
280409799
281629544
282907005
283379650
286845483
287839374
294019885
294757397
297351976
305970178
309605848
311971523
314122110
315230913
317774086
323884822
324868813
