43900003
43349456
41811876
37410459
19780167
19506659
17723137
294171323
295884450
293779955
280602336
310435580
311380503
232479001
199080517
288742493
232059191
270444279
257355772
312330862
306324333
489025
258346951
271646398
214363104
268580569
277024177
299843391
289165836
154348337
211902702
311537450
312428819
202207605
287795330
312421179
230445928
306147908
312284571
151876156
305423182
254067755
92432755
180887762
189492746
169791258
189417861
309692560
299543474
290193230
290993140
310881996
27609183
293320257
303155825
273713416
280358948
255066542
