52162064
52337593
53399940
53557950
53658648
54400206
55601896
55822527
55931652
56435114
56579431
56670858
56914597
57103940
57145572
57239641
58141542
58291896
58385929
58438519
58669601
59190197
59382120
59474197
60800893
61177771
61460333
63118726
63931110
64845425
66370219
66832015
68206424
69516972
69708377
70577612
70959099
71733626
72435502
73289886
75128572
75286649
75653112
75655366
75909989
76048099
76398702
77188423
77931959
78484052
79202065
81019493
81251041
81454850
82932114
83411040
83784604
83789817
86303752
86715700
86971082
87839921
88296695
88700864
89052921
89218676
89301975
89370482
90240754
91017382
91289239
92321387
93105749
94081722
95036409
95391171
95928472
97045110
98337020
99418033
100812519
100936019
102450731
102498637
102618884
104524063
104580110
105009957
105896026
106022635
106095585
106407818
107896918
108986299
110652236
111256427
111669075
113609529
114565808
115189534
