81454850
81251041
81019493
79202065
78484052
77931959
77188423
76398702
76048099
75909989
75655366
75653112
75286649
75128572
73289886
72435502
71733626
70959099
70577612
69708377
69516972
68206424
66832015
66370219
64845425
63931110
63118726
61460333
61177771
60800893
59474197
59382120
59190197
58438519
58385929
58291896
58141542
57239641
57145572
57103940
56914597
56670858
56579431
56435114
55931652
55822527
54400206
53658648
53557950
53399940
52337593
52162064
51874164
50155821
49930620
4
115189534
114565808
113609529
111669075
111256427
110652236
108986299
107896918
106407818
106095585
106022635
105896026
105009957
104580110
104524063
102618884
102498637
102450731
100936019
100812519
99418033
98337020
97045110
95928472
95036409
94081722
93105749
92321387
91289239
91017382
90240754
89370482
89301975
89218676
89052921
88700864
88296695
87839921
86971082
86715700
86303752
83789817
83784604
83411040
82932114
81454850
81251041
81019493
79202065
78484052
77931959
77188423
76398702
76048099
75909989
75655366
75653112
75286649
75128572
73289886
72435502
71733626
70959099
70577612
69708377
69516972
68206424
66832015
66370219
64845425
63931110
63118726
61460333
61177771
60800893
59474197
59382120
59190197
58438519
58385929
58291896
58141542
57239641
57145572
57103940
56914597
56670858
56579431
56435114
55931652
55822527
54400206
53658648
53557950
53399940
52337593
52162064
