68072138
59568570
155449522
153094686
151632177
137001533
136032612
90154183
86374621
68211618
165586575
155839948
202552199
192070238
180711853
177185839
174575887
170581657
168031268
167923593
260747739
259504047
252228021
252003049
248898994
248106927
246427172
245482325
241006350
222880020
222453188
219537205
212975994
203265432
202683871
293045523
292796264
292032743
290703204
290469840
290399126
290323247
289875436
289803231
289590025
0
293045523
292796264
292032743
290703204
290469840
290399126
290323247
289875436
289803231
273887252
245624211
38371736
261343152
252719616
228008253
293814138
171397921
212461833
94368654
229293631
252417700
138762311
229293631
252417700
138762311
281214530
234517965
284070594
170462371
173616041
274837786
173616041
274837786
208474648
127375242
136032612
86481847
68211618
48834525
32853075
23488144
293980445
293978067
293947550
293243021
293048060
292887133
