291431851
291395860
291126624
291113557
291093770
291079535
291029049
290901266
290867054
290822084
290812779
290801784
290790533
290741729
290670164
290638410
290635544
290611882
290605319
290601469
290591927
290546936
290460322
290458267
290417165
290408134
290368844
290349334
290345355
290344224
290262137
290258178
290195154
290026156
289946295
289923496
289914994
289911001
289864542
289798072
289766778
289668592
289621198
289584590
289468143
289087607
289024799
289024786
288780570
288708289
288536675
288523832
288433383
288362065
288268613
288141206
288059367
288024799
287779341
287722100
287655922
287432299
287423229
287393532
287262259
287160306
287055916
287033709
286914562
286861544
286855680
286701341
286679387
286396001
286292489
0
282411422
282310651
282122210
281836507
281637520
281440748
281425397
281235095
281182941
281155820
280860252
280334239
279756217
279720254
279711335
279614094
279223465
279040513
278896755
278480327
278000382
277767456
277446876
277104843
276868760
276656744
276528830
276287935
276236340
276220566
275872192
275847293
275750883
275657459
275430595
275361372
275256462
274332956
78347564
289621198
289526945
289519968
289512241
289370923
289341386
240922599
240527123
240260080
239927343
239897769
239700156
