162717003
318235958
234073676
266310425
318235958
234073676
214005942
238598247
323736799
304926324
274969957
283150398
271811824
168281156
318235958
234073676
266310425
290995686
213281299
316989518
283150398
310888232
321134759
259206284
191279165
272266554
133536719
290646486
241213222
175898622
285045785
296396314
301911111
242529200
213106028
311721710
322307932
280160849
287974521
235261579
295921699
252512456
184667636
252512456
184667636
208310245
172448519
295921699
252512456
184667636
55864645
295921699
252512456
55864645
314923293
194597815
233450456
289657763
319621733
299402523
167106927
283973468
63965160
312122583
320666984
314988861
197276361
186340065
318512206
304192148
253947648
317144327
309124478
198892785
192848955
293412343
299003741
240321852
309889633
271577455
272514057
283458515
304573029
278196802
295204509
191945802
72795411
169226213
174080222
72560942
299451950
232311504
317032715
166856861
294859603
287259636
134845843
324492796
266928936
249750676
302075998
262945821
