194969026
315728996
313461255
323712533
325653141
275322942
136548567
179742581
323058420
310062978
85425906
126579398
200991705
172135433
180803702
324784756
277901624
283387467
300522676
304811738
235986880
60797499
221931758
190321044
321325747
313895598
277510979
319392568
324035145
294502859
196439355
318515039
296396319
319910048
323376033
324035145
273319461
240255884
317217324
157159221
301595557
276662257
177939211
240312559
279904454
212644542
234377412
256697358
172720702
255830503
324693364
