289766721
158611110
291701873
154117292
290856442
215639368
285196825
96859738
279130838
248862389
288433383
270380740
191306027
291285989
278670810
287648770
290587649
247282909
191170943
291866982
270380740
289767425
228305401
237385322
171406762
173951054
287625693
97114684
213712302
289758889
275154072
287465572
267148401
205712514
255805896
291208710
273177183
275738094
290587649
179760503
185197854
285675089
288494976
133617503
190121736
264331133
142778755
291541580
294961263
292691982
246869436
49098115
237417434
150880293
240703404
59260379
293055672
281477872
285131940
295451317
294086104
255267529
275738094
295313458
288433383
44665835
236553562
296439761
292650512
236553562
142658639
89447137
271901189
272460751
293112672
296294764
266748917
152275121
296576454
156699209
285592562
273846615
296576454
257289643
231839100
122811655
231839100
257102156
288385857
292004256
265346025
299353446
44345065
142818856
265346025
299353446
278295218
292004256
278295218
292004256
225699048
262703039
232142066
300461969
260745891
291005684
