229923704
8156284
153856145
277223013
260747739
0
161496009
252003049
290448892
265853813
293243021
141022685
284504137
283446063
180234048
292887133
293324005
292796264
282587573
277862952
293040475
148545142
289738703
260911760
260911760
292903632
281282710
137001533
290015785
291005736
211242461
287755762
231564705
229923704
282187639
243730313
174575887
180234048
292887133
292796264
277862952
293040475
289738703
289297101
95750701
185888876
293184853
289590632
249172931
265370084
170504478
283658210
272090529
272483655
140279714
274365887
253863784
277859517
64777846
140750440
200491108
292032743
208474648
285256890
77369544
275669207
285525271
292441763
230233370
145559869
165027660
279116458
276721827
291276058
174032164
293665804
289374758
273165065
289831670
195164686
28474699
180727071
179591799
292381451
281846722
260532981
274837786
33915375
276850091
152467660
185585607
285429870
275586312
262814422
270720348
194786933
270610075
123613176
145402822
224801472
236849700
181284226
284351540
234517965
284070594
246869436
159032110
213752614
170462371
125929532
274028393
292691982
286395900
163859179
287545940
163859179
163859179
285675908
288903214
285041014
292324470
224610234
260154088
294006652
178852418
288742656
237760369
280900412
176033202
292645775
183434239
287882823
271932990
262956666
184270342
294148479
136985753
225578839
294147663
287454391
51317899
272003725
241213879
232276307
210324246
285356558
293947550
232276307
232276307
272460751
179636153
201749905
219791374
265051116
223762160
292478907
252267706
233378382
294115226
291437414
272003725
282928060
293075040
196415531
185093251
137884792
273039951
294282217
288274978
207848988
216123969
288936305
212488841
199459469
293980445
236553562
191543010
168499069
251800989
30301281
294263392
294218889
294196692
200182017
284123521
278828012
281400367
288879510
293935110
290101540
181331796
287851492
293506805
147697596
271805
288433383
160150386
176026982
64712938
293506805
147697596
160150386
176026982
293048060
292766664
288267552
267392495
294221530
78713972
261236229
293978067
294266085
191764329
207058536
294286364
86481847
261373355
12163315
204261700
265710497
42395517
280460089
246120004
83834422
278294890
249474736
299138337
297144655
223478386
271561913
246090751
73463943
274699210
153505221
291572766
237545506
131842997
297350259
207673756
288122510
137026387
175078580
237043038
218464161
86374621
283456289
299542383
299223783
224872403
140405965
296224871
290653335
253033793
286708995
20382330
299513139
299363890
223976887
205373852
294002703
273916397
298889417
35039082
83834422
249474736
223478386
299015134
292165074
289811030
167573902
65124382
218744402
207572665
191215679
