142078688
141963946
141443646
140802542
139822427
139697202
138452047
138345336
136814326
136521211
134710050
134354356
133757905
132328529
125237180
122797474
122699103
115115186
110588294
103188308
95176997
84125548
83215303
273218666
271709362
267649605
265253989
263899715
247890266
245833756
242020521
241367261
240382577
232753707
229073314
227680564
226872506
218108623
213212970
211974209
209283228
202847363
201929981
201689880
200529246
189103053
187706116
181838414
167786404
142201151
139096002
133617443
122766021
117842542
48406095
44997328
43349456
25965947
19780167
299353446
294023763
303052964
254413746
250712688
293254946
286260786
289395640
218826808
25061864
144535006
262729865
260372111
301603162
88509200
277161555
295257432
194605596
293894835
254066931
229763393
302782306
161556334
212605688
302291594
298346875
163529308
41811876
295884601
144569970
150083541
291968963
145633340
283095644
214257260
302234358
164543557
150659314
125826885
258816073
227186252
300899045
303088867
232185911
277049110
277032849
276958467
276943572
276802023
276767048
228556873
199080517
284505651
239241545
116513747
17352551
311558522
294171323
303410288
114083738
14828178
310435580
224033325
295884450
293779955
184897786
280602336
214785759
43494879
257355772
303725602
158931997
312330862
271047069
172611593
182597543
270444279
308246912
312350602
311380503
214363104
232479001
288742493
268580569
232059191
259303335
239265695
232964013
258346951
489025
306324333
211175943
216019611
248663766
289165836
271646398
182698562
299843391
277024177
308127027
312566500
311589844
308911864
183512980
205702414
297451108
289818182
37365857
299505454
186129346
273459250
281473526
230445928
182678689
173673925
227103160
198193589
207755801
134627240
310924375
187561534
299770124
96987263
230659908
234149297
277697862
70035875
