298523184
258813092
294783885
155985213
305517541
253856764
266919285
187244770
310293729
280070300
279056847
255116465
308755303
271439817
252035590
41429325
228172687
294926414
218738159
128952583
284462573
209632587
305042051
220991748
289786881
232718172
296004203
132082683
112393471
312128937
287548615
236687674
263636083
275333315
224265847
168778280
307609551
262855266
304717429
300688976
254219032
309957366
304157379
256561188
171030537
33862594
288654163
290320327
275623841
281611534
283142182
310005617
312557336
294553219
310924375
192034767
283206244
290274076
206715350
260920734
280154663
279605558
281347565
194425854
296041461
262405072
124538092
313698246
223633213
312141442
275173458
270095157
250219213
300197093
314732732
75545646
283682601
274857046
308940311
315057010
272209739
298769759
260215004
304020106
315062869
312471001
312266912
270342130
283858698
300720436
311624663
311917942
172809173
300354726
244571153
231255122
310958699
226849843
236859091
316243403
272577949
313300594
275056325
128943539
315561666
315411390
92499033
316218485
307175338
307714973
150396911
312163068
316899063
314607606
244468287
316924422
234339687
316064877
316787400
307881695
97492916
315976288
316243403
272577949
313300594
128943539
315561666
315411390
92499033
316218485
307175338
307714973
150396911
312163068
316899063
314607606
316924422
234339687
316064877
316787400
307881695
97492916
316999968
150506535
281347565
313759937
316107097
274758953
315950240
280438911
308257515
277008449
239292858
300289572
315757829
297219922
310359725
29762074
291328370
288013994
270080755
278617112
308525152
317004740
316575705
226161479
264761631
296141843
317072456
316325815
236513545
218211222
316979519
304478875
316855959
317074748
314617770
316789239
301498949
252986262
305247497
33292692
281081317
277808536
115103565
70433076
314592691
302500453
63437978
311606458
63437978
311606458
315757829
291098642
279185617
308257515
316677943
237894350
267897410
94374702
316966348
257242552
316860091
309525743
301455716
288183264
284650720
317076264
315471950
261771094
302806623
260750638
254560564
232137197
297640879
227180655
302862980
235999271
197216691
193341216
261641735
296042732
306109047
292222622
296821191
298794788
299586066
273107552
306842348
313658744
314560104
314235366
317260984
42917860
278956065
317280668
276519797
308591656
250976227
204954506
308448207
307190725
301472032
312545765
305888351
256573146
156317509
124470302
198105518
227213005
316365557
282832404
275649515
303543998
305647260
316535107
304831104
315933210
229071603
285442590
303285989
252984246
274655919
307700318
317174473
317206827
316683484
308930581
234501592
316375665
251642186
240840104
258979041
316976666
172236408
310293617
317120730
317396843
255172658
315292344
316365929
281042068
301865600
303066152
168826225
317013230
307982110
311854514
316504493
316988546
316297069
285508936
313304190
316332718
316105625
301564178
294225181
311767320
191617751
315285312
139936312
316245471
317550256
310823822
317397857
145863222
317121514
315447140
250357008
310924375
281076014
297482276
300560220
93079269
285149244
313841075
184393856
273843023
314037994
230151532
309240807
200903220
269992833
312752874
317420804
262441190
265691135
272816347
317417322
315944666
317275221
314488710
298866026
316899946
317515456
316752246
264998547
134590621
317550158
131446255
192276876
316440217
315265201
261742103
241629388
273661533
317143891
311706773
203678827
314338656
317741234
317619497
292511116
316410634
315893119
211038270
219586665
305613004
307672214
305745120
290768540
296133428
304616523
304616523
314230086
282111729
27313580
282778633
317751402
309909056
308483707
310226056
2451285
317368268
295119492
317764135
257285685
317523640
257253843
183031019
317518590
316881741
307635947
315723902
313493237
315006136
317760058
312594022
313098906
316871811
256702043
317665060
38208420
58852050
225577767
309791953
311649985
103255271
310472649
312805344
54649751
291796950
313688204
303209789
317431352
232889703
27582111
309641336
305426698
295888146
296108029
308773478
294158497
312121186
254672224
317476342
4738763
307332083
196011676
314408629
317788637
261894915
317096955
198395621
302322247
302351123
314872687
314683140
317188353
300182254
302099126
317238900
317496012
221679296
260225452
301852218
314252459
166499885
316479502
313293509
316810162
198617524
298731704
290444205
212841583
312842138
318156639
318228987
317491644
235742897
315456189
159739206
318034864
231368111
317280668
157513179
235504418
317780498
182974312
303721253
264559896
121120359
318018682
306405990
77071334
264603190
316308795
253272973
286184674
207933640
318230966
318385015
316980379
310081940
317333154
317780958
302312123
296840462
289853482
227949352
318286660
277971797
318395563
310756937
5524584
