312545614
317867728
316549027
167055538
294859603
226740961
147992940
249750676
268638672
318512206
250849
316221233
262945821
268989969
281334631
262855266
322818816
318969775
36947149
240645146
134845843
236678923
307332083
228560797
296018095
301444990
163788374
310637245
254941072
227687548
310774981
234165111
259867630
244276504
320718969
305644154
308202319
305701097
185137277
322941046
322524685
83361579
252368661
296301525
277847491
323453802
317867728
14120266
314923293
293412343
166296988
311297181
8530207
247410445
277245447
268196318
308835564
260496561
322783182
281361410
310440820
303728366
204324948
309124478
302531388
156961665
185994694
250643516
315579181
250800001
243135515
302568581
