221757468
63218117
255318425
242983939
142284904
276703758
213351869
282175559
275480978
86840251
296812020
276667892
209054511
310643639
272317376
150406695
208803608
175381023
261513770
311899520
269758335
312957052
296958603
312926274
173673925
109456917
307581694
255318425
142284904
86840251
296812020
310643639
285442590
217235840
288826527
283235534
166779903
221471259
278808751
244474650
271439817
140895377
300885459
7123750
11451207
284688494
94675620
29912714
294984651
226453680
253178924
158836645
283999057
246647512
303558233
261804876
239180949
313623442
306026264
289655536
175621367
