298355331
215262990
289705893
290274076
192249651
310667124
191499661
254990194
188416586
158648946
258827909
212491773
269041658
293894835
143131496
218017185
258699173
294628411
169515276
184820422
173672531
279300547
297605599
199641412
306367873
235026073
234871735
159903303
310924375
195163190
270803688
253178924
158836645
283999057
246647512
261804876
59758716
272470120
239180949
313623442
306026264
289655536
175621367
281347565
198914432
255660419
65914846
202565073
306842348
213619772
291023152
67831946
255309679
314498793
293557828
313503611
235819366
250293564
259421695
291376466
217384195
310886291
312948287
292703070
143305014
231819313
