322847756
191781177
162308190
297390716
320201225
316268980
314732732
321156587
242882741
270981317
316972608
191112799
311344917
212576039
316268980
1230042
83361579
152960193
270202306
262442249
254563895
303728366
244409930
193591473
274629544
298412208
264207594
255660419
1230042
142534063
315734153
319847028
219011662
247811474
257392994
150211878
258623594
310637245
310774981
305644154
313812751
239911597
296018095
294850573
225809647
289655536
132583082
199849103
265235796
278291951
172209890
191444470
285668037
170226517
301548260
261947048
229406717
235471148
148025509
310615853
155985213
103960187
206752967
314449968
322586125
232560785
55313207
234569867
262776489
133538510
299631922
260385004
280502202
64213987
238212490
303007267
165501715
235834609
21868865
72060133
254941072
171536322
311379030
203298901
291252350
17159156
252276922
30696667
160150386
283276126
291394139
288496607
312122583
151371338
312122732
312557336
63965160
166231174
186414458
309174030
261954117
90358454
277746013
321501421
198181790
268989969
281806035
306051229
276780488
317375414
259247653
313775247
305699401
10300756
167055538
315597840
295009512
314736305
314889757
236678923
271815486
220211572
208580467
203609957
230763654
53083997
13653431
285664352
191032470
29011657
26394482
279752328
238673983
301158404
71474118
312019646
181822339
265388967
279113752
188782159
245131425
277216175
92332616
204401458
93901215
277216175
258333060
299197893
92332616
204401458
93901215
276080643
255734944
139761495
315959336
218124070
308180786
311297181
268196318
8530207
254006692
265333873
302808346
320947744
197929576
278751073
310472649
166149600
322264540
310261752
239256362
154736960
112653146
303532432
310249895
142194776
281334631
239830037
278408919
222147494
197573655
295856437
17420820
112653146
303532432
281334631
239830037
278408919
295856437
294639049
304811738
251896801
308835564
269981123
225887530
308004078
245984196
288532899
296812020
284717784
320703265
298813311
15844683
188582933
304950559
313536912
267064197
310024322
229531378
250849
269594112
291953558
286179052
243929287
194761642
259867630
279939557
151537385
233024679
208385860
296956711
304255180
285850686
167597330
314923293
320242174
286990721
310611986
209084189
298384123
125048658
312113950
237554707
221607002
56198218
267524618
36465394
177979125
126579398
248073061
150571026
285889773
249415921
191764329
216230706
300334356
228305147
133359028
310611986
194761642
3398827
3349076
3301709
3279729
3256296
3237966
3235969
3170913
3038168
2981476
2873192
2866513
2852840
2813261
2812567
2730267
2689455
2562384
5260944
5256637
5230806
5158830
5152095
5126573
5104720
5068930
5022657
4924580
4912328
4801177
4772201
4690970
4682706
4671169
4632803
276977494
326050421
262361147
323945938
161619780
168725785
157814065
326435728
292913865
314990993
331132913
331736223
86551562
102776314
312181940
235635547
180746527
280792086
283017200
173177823
316268805
223955822
327784563
269728386
312743912
7658102
231426158
302793227
327643939
304342200
327062580
183019304
278281238
116099739
325139667
320793241
330138669
274693873
110063250
321115829
289657763
254914993
317594060
300512284
260837176
159611767
249041458
218271883
58925254
315792281
223617610
302833900
228042494
322888288
232051429
151703969
268430108
189875928
22287368
267888032
278610516
309953164
330546440
324110588
300522676
308536840
307499680
302198559
326780535
268449652
322548102
323511263
219043990
206260574
314626540
263742014
245847957
324136538
310147481
322516439
247851066
318145971
311665906
326758358
192307966
219010131
326016233
264116818
323944189
226985509
302833900
322888288
232051429
151703969
327665395
327665395
255230458
318893086
56433189
328674210
323672085
328464174
114968265
320918928
264661166
309108598
328295092
243733610
13138808
218639691
310082733
281400367
228482772
306389317
253009176
305804022
110214786
322099162
297713528
322076977
213214450
316129095
295406542
309224155
302568581
331083521
288851860
299434408
176061867
169200249
260084986
309405658
304045952
240455600
184340193
178341793
332119819
254254967
180239357
317452564
331601157
284656303
153214071
188252816
150311375
322663199
20546826
221214108
124491585
156607180
80861873
82070869
324488738
263972851
213472739
329717490
314875482
331133717
