208385860
10300756
255768808
318414643
162647854
188821734
315734153
318512206
275317416
267030788
287948075
266195771
269575879
232247952
279113752
292926001
276991350
220437704
143393653
213604447
311508763
283539006
142534063
259579952
172553049
249750676
73396437
272115070
308011935
234965462
320674605
261947048
262776489
199676000
286205793
222878512
239700156
205477530
255172658
297390716
279940517
321888804
273262469
286280329
308775337
242357270
165501715
290782464
304221080
136634527
157286966
311837357
245502761
304067551
292613602
298480845
271154523
299388641
191444470
301548260
320947744
299462547
124470302
306581541
202667951
121260445
237726685
302808346
135435609
235471148
8530207
284517777
311297181
208424209
115103565
268196318
300411285
185957129
322264540
271439817
135435609
235471148
315582094
8530207
311297181
208424209
115103565
268196318
224177961
175517624
249849147
249689345
195158889
289522822
304485168
268066164
318772043
216059177
167351950
119944990
201791129
243673250
232479001
316221233
62754474
281825689
311005671
311524034
240465668
56198218
307925084
320573625
267524618
156623626
305355291
250781409
235669232
155471530
223052544
64301520
281592034
285837270
263493109
310560551
166727484
272520644
320139380
238951555
203298901
285889773
299631922
324492796
191279165
323515488
296018095
301444990
163788374
251409644
320242174
48678340
223052544
281592034
238951555
203298901
285889773
296018095
163788374
254941072
310774981
305644154
185137277
203750058
311854720
258737148
258623594
147992940
245428865
169845376
156961665
256582359
67835778
295204509
296812020
228811128
141944961
304950559
315579181
250898280
319502378
151933918
209445534
254006692
234165111
217697580
265333873
239870449
305820655
177068875
287971554
1230042
197929576
280852692
301355525
319682990
184834374
172135433
319140756
278751073
21464252
154818770
223108041
297456510
142658639
215374042
235487712
169625634
218124070
238861132
294522932
308180786
297249374
254006692
181804504
241153726
290866570
318969775
245330284
216244066
185245852
319328903
32224213
310202618
300775529
306877343
297436033
277582652
321499889
15940804
135544157
36947149
293682012
178468888
280458158
176116168
208665892
288267949
308732860
304025271
258128290
315952277
309449995
259836385
20148513
197690823
249153154
316139608
300615502
213795714
147850010
276212463
126050205
305517541
247410445
308564492
220351481
320003166
158953561
310440820
283776198
267402941
300021010
188615397
275333315
293660000
191112799
280462046
311234624
162523212
251345492
261894915
305507524
242296138
154475545
322076977
287016950
234711783
73016769
228329079
202583674
256813271
281649225
317387457
206101970
189982500
215103934
82818159
198328402
242595544
241704902
219693107
297626562
268158716
161172971
291956785
188582933
91800264
270276544
19943160
157272342
229779298
191720403
31476144
296507722
269946562
232718172
255484475
30778502
251781045
301041994
264144260
199205732
29517565
239924940
304704921
287502975
150448675
140877612
275213752
239575401
201964928
281032747
244602597
322583342
244078244
317761146
312012143
262643909
192280538
270770909
311225118
276744596
217611403
302033052
258454718
246985740
202620277
267064197
170365509
9919293
58283385
227825043
324926835
209812676
175250852
310160763
239839449
140700144
155859213
198196165
296685468
202803782
276498022
325349059
271661427
306863091
189754096
303821908
310611986
48745400
295098026
293973995
320473427
302451033
312577232
321862217
255660419
296452920
312267429
215167202
250849
232533061
269594112
64182507
259086939
170695444
306089824
247517007
59995535
291788496
322574984
229531378
196391873
216713300
299003631
255566892
310312330
190414053
269326616
305449795
278666870
145586907
325150955
303446779
255660419
312267429
198612848
205765343
7713777
303773734
124924086
261272003
230902228
276799903
90484999
193382458
96051874
320239524
28979741
239846419
249769907
143909612
10289445
223841722
120990073
263194832
292198911
303090035
