291977636
206471613
315152583
299550645
239868342
303007267
168728460
297109003
315152583
252005048
315152583
208385860
258361180
299388641
284517777
249750676
300411285
185957129
322264540
271439817
258361180
299388641
236678923
230466420
315959336
239868342
299550645
310472649
311520045
305355291
235669232
311520045
285837270
263493109
310560551
166727484
272520644
320139380
301444990
310637245
122008094
246136303
177256698
268196318
8530207
302808346
191444470
320947744
261947048
299388641
299550645
270715326
250898280
315959336
311297181
268196318
8530207
209445534
234165111
217697580
156623626
228811128
286205793
290782464
311906675
119944990
258737148
280458158
176116168
208665892
288267949
315152583
235487712
308180786
322264540
185137277
322686081
276780488
297456510
172135433
215103934
10300756
320003166
286205793
288267949
322264540
287502975
150448675
140877612
275213752
239575401
279940517
223108041
315734153
261947048
296452920
215167202
259579952
191720403
208665892
165501715
147850010
170695444
306089824
247517007
258454718
