301366945
251397723
293063479
7097461
206773166
229073807
228820628
297359547
218190128
244717234
299560031
218190128
244717234
198906042
295459164
296598668
174178406
219149995
78022398
198906042
296598668
219149995
78022398
227200762
294197071
279594658
172809795
278006789
195046905
249068635
221279684
301519905
214080472
296503158
292086376
247179809
192488652
299499133
254401008
301519773
13568264
272286981
285698576
297200345
298704340
284358253
242467207
300908695
95254597
265643624
297923142
247426383
176421762
280182621
250165639
279398296
91522864
45475375
212978848
217318828
248289160
269798482
134089845
258240106
169113624
198336591
257961641
301341422
135122404
191306027
273889919
242430298
274764919
196430875
279853567
225041428
300371335
300371335
247273078
276760937
216015141
271255004
262144713
219454803
296515117
282346548
246889563
294482062
218189786
250900734
198905565
260116679
290122847
301486828
280261329
277529605
248122043
253419261
225473403
237165011
270376487
301553675
265409402
301596237
296756661
295189628
246245708
280522457
198466808
295884601
270877132
292740659
221756107
233041834
295029626
176416873
200571357
205813436
200839292
240349004
198681288
239021762
159779231
146101295
272648034
73273296
301542045
10883800
251396538
213315637
174807773
287391923
38157153
301000622
154864416
264983588
300619939
293064030
250980995
280860624
195786310
175061353
171891498
298703990
299895614
263338707
210163926
230936922
184819878
207130536
240757239
190605661
139713982
301724320
175368635
272508881
290479479
133502042
227631368
147315216
222806560
280516214
273411948
281567615
203792173
291091605
220660
203931867
240997254
301369086
207801884
241525718
291089535
301853596
182761139
153045962
204975667
293614346
217505454
284639611
117467595
293850104
286821876
301850668
301680176
271035272
224987548
124675819
140069467
262074440
266354483
80169969
236579471
267784746
145063916
170652186
285837270
228645238
276891949
225905074
287895815
145513852
226711019
