289913278
254952463
169375046
197414417
242743356
170127760
34314816
287701282
178052161
137678773
270380740
279079490
191904928
275030782
290914058
257818892
271579603
290945153
144981062
288272458
290812802
288494976
140297383
278029315
227934919
50910184
64213987
250535099
291005684
270020581
291780253
17723137
277185132
176448847
273051269
48406095
276057422
256000053
167835159
287585211
289051191
274498483
226335952
219675163
251553086
183224744
288568228
142392390
289320805
172487725
275192356
288885945
280949160
277231597
63407344
273753639
287629040
289752060
267057486
268319220
278458463
43367279
284961654
145275294
286773155
154117292
290856442
215639368
285196825
96859738
279130838
265337037
248862389
288433383
265337037
174301884
269375968
291479854
191306027
291285989
278670810
287648770
290587649
222528802
247282909
191170943
291866982
289767425
228305401
291479854
222528802
285996026
291451991
62632043
288267552
249571369
272708192
279872325
242696350
283484917
291884027
171406762
173951054
287625693
97114684
213712302
289758889
223300832
292221868
275154072
234717338
287465572
267148401
242351284
205712514
291884027
223300832
292221868
234717338
242351284
274373108
292211327
291714370
281168193
291797391
255805896
291208710
273177183
275738094
281168193
291797391
282749461
255074249
104043641
242352001
276181362
280245300
133617503
241770861
246300755
167656294
271783940
287851492
188387221
179760503
46576580
188387221
46576580
142778755
237878029
292195841
280967517
132560160
166177652
291841713
289314134
292718781
241141926
153547965
253692871
167477039
292556508
290101540
292167955
256597796
235247469
141558266
155324288
281394049
253514475
277223013
253613057
284406272
290495160
113586457
233413413
274145868
56602615
192048080
190979612
292373686
185888876
195431936
163224055
265361784
287230556
281013316
292403164
190528331
285968582
279302861
148053742
292638590
237417434
185819552
288366884
271079753
224853896
26683776
266771586
136069611
152023924
286777206
127943050
294117109
143912187
290647143
294828174
246869436
294947250
199885609
202689988
289507873
294385007
176026982
157436254
215541380
283328239
294842810
194434703
291629151
208166190
293355963
245887788
248175868
246027321
269612722
246330755
294927394
49098115
294866273
255079770
224847994
294845762
281079979
177824097
236276792
277716361
231943511
287260976
289761369
294086104
201467688
58830450
242381282
294375432
243160531
294664303
293268872
291485232
280531743
292876515
147853858
294098696
286645768
255267529
294753361
178769234
290952558
295065555
173744856
273502474
138881897
187671289
279462253
279062137
295079452
285356558
278751073
288274978
295041111
125650259
198118243
295001563
248707398
293112672
199849695
251311690
253362540
294177123
295449442
236417614
258563996
275972058
295443137
295355744
282929519
254224362
278951307
140529954
202541364
236004121
28384250
193070139
150880293
88443415
240703404
59260379
236004121
28384250
193070139
88443415
246090751
180572428
264990021
210110004
294932770
293264319
268764033
215665495
234648053
152571739
44665835
234515801
228970437
292256911
258764292
293878642
151897560
293055672
281477872
285131940
133550071
207109617
89518687
141854879
172945275
295451317
172945275
295039692
102702623
237321722
234764877
95254597
146818449
277397337
295589970
175887972
221839498
236553562
231607750
291099095
79227423
89447137
199969438
272460751
273186028
166619548
270276597
247284024
295918961
141980189
280312578
109349056
289534221
204868352
296237357
284406863
294607735
159317615
294852836
266652536
194645817
258402534
56227029
239143836
215357340
280790619
296233926
294043716
153370768
256356193
294544878
294454171
295872273
268246788
43942455
293048060
253192474
265232383
250137337
296324644
290653335
295102476
296177982
196472227
138156593
219091532
280125899
296406545
291561410
266748917
111087261
167980392
211313204
296367056
280297288
233130736
292004256
285015428
295232025
296151574
147198195
290695788
145828712
273802699
268440096
296439761
152627991
34400890
245591233
267732955
178334706
292650512
283890820
152627991
34400890
245591233
267732955
178334706
286848472
283890820
293887164
282439635
213345711
172641504
268517681
271546502
294375432
62134121
292626770
272125202
266942777
186578438
273531349
294148479
262320408
270981517
295491041
271901189
223278626
296294764
214801628
281792457
102613971
142658639
289602357
274061189
158219726
156744698
52203141
295981873
154017695
295244284
207673756
280786719
274675512
67424545
296852990
260382246
247386625
271589906
275403939
270720348
30301281
195712869
168435682
212237246
130500309
270895500
152275121
244124021
151755349
281075106
278789293
288261259
224351415
257284639
292695580
165384898
273030505
38064183
157125217
293597699
281773856
214959454
296865547
296576454
289719594
161452760
163708821
134192601
292750659
296882120
258735990
258735990
260037621
198795946
124470302
203652045
258284389
279884035
274043637
297404754
270387060
189270462
294087186
204730308
270405441
296914345
293208454
295878753
229367597
262673878
137434156
295968485
178046835
281605960
4472164
295646080
244287070
213657892
296063323
292608539
136337734
232089113
295751320
83215303
296411143
280462046
156699209
296973927
285592562
273846615
295507414
245723661
257289643
181284226
122811655
231839100
296957356
296973927
295507414
245723661
181284226
122811655
296957356
257102156
296957356
197001249
297565339
214376311
240721112
297582645
295899120
287935804
154455639
269689891
296168505
187082849
282282248
176026982
278295218
129079191
237128966
265346025
287465572
299353446
270776639
254773595
44345065
286332233
199135092
142818856
287465572
298995521
299699460
299936208
299880017
225699048
298737254
299513139
300303031
99845775
293632885
158297755
286332233
199135092
287465572
89845263
176026982
129079191
237128966
176026982
129079191
237128966
210293566
288698773
226974800
221809817
192142957
215689281
179543463
207708433
271595098
204213411
118002076
199095196
296532414
181074340
298864024
123156838
301199077
231858251
267255837
268035778
272689437
219142733
198966745
148485099
112968572
220135863
301157611
244794129
292153069
199625498
279598294
301030816
247377126
299352200
185870848
254138375
175639825
262706274
139151397
282982401
278068845
241166684
242445579
291908145
20626093
168054483
288801759
301016959
204868918
267588840
257980720
232142066
300461969
245340129
229531378
260745891
196877492
267588840
257980720
245340129
229531378
196877492
290956687
297762710
124576481
160921414
229461738
261189310
279595993
136270719
299551687
194572379
184652616
172651013
283492587
299524960
275654989
192427638
292639852
177340568
265358201
255850349
192052415
253210105
299674773
299254706
218182018
260068577
300379344
259276081
300499574
296457845
244309458
237333003
175075401
301446783
287130470
264048982
300680140
150250891
116762884
281006536
