262930356
252434058
255653113
236692791
299307533
299159680
298895116
290838030
139796453
299263104
286212750
295409050
203152590
152584534
154716132
241273798
286314589
262930356
252434058
255653113
236692791
299307533
299159680
298895116
290838030
139796453
299263104
286212750
295409050
203152590
152584534
154716132
104043641
274238665
273105158
273051269
268824060
268371051
234758806
224098630
172366953
171988741
137678773
134924101
134923876
89969352
70117823
68413048
68003330
67287310
66861586
299880017
225699048
298737254
265346025
287465572
177374776
289838454
