505017
1647855
2358647
2690872
3758700
3992876
4886603
5054092
5707425
5734275
5735856
5738478
6829626
7933271
11368903
11524794
11679901
12342751
13437429
13442354
13940966
13948476
15295796
16439013
17115341
18450317
18506991
20061757
22744562
28243254
30878868
34758099
36447352
37592437
40355068
40636096
41549550
43011273
44431268
45220323
47468998
49855518
50090213
51977294
54239754
56341736
57816526
59398284
60902837
63363259
69079449
69300199
69898487
72640098
79058628
79968561
80109073
84257650
85201914
88711131
89922758
90007238
94714960
97100102
99681598
101355650
101946899
111151633
124330427
125175157
127708495
131481668
131977557
132316756
133326794
133962764
134145226
134930878
135054231
135514783
135635920
135940020
136005474
138029707
138950650
139662508
142342827
142916493
147205937
147206558
150442947
150538384
150905545
151730166
151889465
157210196
163277207
163785853
165061542
166598772
167477255
169742591
172039596
173458545
173915564
175711776
176780585
177700069
179673875
181148467
181266642
183152899
186328216
190016713
193463436
193774648
197525904
200102109
206326803
206645001
211336180
212771504
213479848
215889688
216906409
219595848
220629337
221131331
229198953
233899194
234901875
235575913
241091406
242497826
242959583
243428324
244150212
246619631
250435431
261880104
262405501
262406645
267238685
274622277
285838877
288132176
298758779
299013801
304783401
308883727
313441505
315110560
320386374
323481433
324982843
325774727
325881575
325895799
325944621
325986839
325996935
326004855
326116278
326343833
326393574
326539913
326674817
326707738
326709819
326755045
326755246
327019494
327034704
327038289
327102322
327107986
327120541
327122754
327122821
327127179
327129575
327136458
327144889
327161972
327168192
327169888
327182628
327195897
327203867
