31820332
31820819
31821086
31822412
31824188
31824484
31824889
31824895
31825067
31825309
31825408
31825751
31826442
31826696
31827481
31828065
31829503
31830680
31830876
31831009
31832288
31833176
31833587
31833638
31834287
31834300
31834521
31835471
31835630
31835792
31837757
31838102
31838486
31838620
31838660
31838725
31840180
31840646
31840769
31841681
31842722
31843708
31843822
31845250
31845628
31846092
31846115
31846535
31847113
31847527
31847996
31849804
31849894
31850877
31851273
31851928
31854732
31855980
31856103
31856257
31856676
31857526
31858013
31859325
31859333
31859860
31859994
31860158
31860263
31860311
31860426
31860510
31860567
31860868
31861085
31861301
31861420
31862158
31862376
31862999
31863635
31864145
31864329
31864936
31864944
31865733
31865825
31866063
31866092
31867527
31867621
31868154
31868206
31871375
31871459
31871949
31872051
31872260
31872263
31872621
31873288
31873373
31873735
31874171
31874219
31874232
31874234
31874662
31874907
31875397
31875709
31875730
31875758
31876349
31876554
31876769
31876900
31878343
31880458
31880461
31881421
31881869
31882270
31882485
31882679
31882948
31883860
31885808
31886604
31886638
31887148
31887513
31887663
31889502
31891773
31891821
31891917
31892527
31892830
31894365
31894633
31894766
31894772
31894970
31894992
31895614
31895715
31895836
31896001
31897148
31897832
31897927
31897990
31898593
31898694
31899399
31899946
31900251
31901569
31902302
31902398
31902629
31902813
31903468
31903580
31903708
31904071
31904683
31906660
31907875
31908785
31910099
31911354
31911391
31911961
31911973
31912223
31913912
31914919
31915499
31915665
31917134
31917982
31918157
31918936
31919029
31920541
31920780
31921600
31923068
31924208
31926540
31927236
31929481
31930914
31931718
31932569
31933236
31933744
31934197
31934647
31935609
31936269
31936694
31936964
31937045
31937332
31937969
31939164
31939757
31940521
31941890
31942296
31942764
31944241
31944424
31944488
31945436
31945512
31947326
31947562
31947569
31951976
31952299
31952551
31952839
31953903
31953994
31954302
31954507
31954647
31954755
31954970
31955748
31955823
31955934
31956352
31956402
31956411
31956780
31956885
31957434
31957475
31957580
31958484
31959185
31959921
31960385
31960440
31960546
31960816
31961640
31961998
31962080
31962693
31962850
31964338
31964733
31965945
31966578
31966836
31968713
31968716
31969004
31969430
31969542
31970010
31970540
31971133
31971511
31971794
31972815
31972882
31973310
31973477
31974054
31974372
31974389
31974758
31975768
31976828
31976881
31977016
31977954
31978250
31979012
31979665
31980125
31980674
31980700
31980827
31980855
31981414
31981876
31982049
31983380
31984721
31984756
31985774
31985926
31986483
31986646
31987163
31987402
31987755
31987762
31988145
31988458
31990064
31990136
31990812
31990875
31992391
31993886
31994063
31994483
31995099
31995372
31995872
31996406
31996659
31996938
31998084
32001157
32001386
32001402
32002132
32002999
32003002
32003886
32005265
32005747
32010449
32014917
32015288
32016888
32016928
32017863
32018426
32018690
32019270
32019317
32019566
32020384
32020751
32021027
32021089
32021332
32021795
32022702
32022755
32023133
32023530
32023736
32024005
32024236
32024353
32024453
32024792
32024863
32025239
32025259
32026001
32026317
32026340
32026497
32026840
32027088
32027299
32027659
32027918
32028549
32028633
32029421
32029641
32029729
32030749
32030977
32031223
32031593
32032279
32032408
32033626
32034544
32035039
32035257
32035720
32035972
32035980
32036535
32036909
32037096
32038417
32038805
32039141
32039290
32039306
32039683
32039860
32040017
32041542
32041629
32041681
32042538
32042726
32043021
32043780
32044396
32044585
32045016
32045592
32045885
32046147
32046575
32046708
32047308
32047472
32047926
32048534
32048601
32048742
32050371
32051353
32051398
32051462
32051535
32052321
32052577
32052744
32053800
32054417
32054519
32055130
32055478
32055619
32056032
32057548
32057679
32057742
32057793
32058735
32059021
32059092
32059874
32059969
32060441
32061718
32062602
32062690
32062982
32064099
32064427
32064659
32064903
32065009
32065332
32065927
32066237
32066504
32066537
32066573
32066952
32067462
32067642
32068003
32070095
32070455
32070727
32071126
32071240
32072374
32072387
32072545
32073255
32073267
32073735
32074317
32074781
32074943
32077555
32077723
32078738
32080432
32080951
32080974
32081379
32082319
32084170
32085241
32087626
32090363
32091375
32092222
32092454
32093193
32093357
32093945
32094028
32094697
32094739
32095552
32095823
32096489
32096645
32097063
32097945
32099840
32101846
32102436
32103014
32104450
32105250
32105417
32106124
32106615
32106851
32107119
32107323
32108220
32108502
32109392
32110157
32110260
32110307
32110578
32110687
32110798
32111014
32111293
32112112
32112210
32112348
32112792
32113207
32113246
32113403
32113654
32113931
32114324
32114349
32115025
32115455
32116414
32116768
32116925
32117179
32117424
32117843
32118807
32119261
32120034
32120108
32120610
32121061
32121068
32121414
32121761
32121892
32122153
32122582
32122851
32122973
32123840
32123863
32124580
32124614
32124797
32124865
32124930
32125151
32125219
32125257
32125489
