142078688
141963946
141443646
140802542
139822427
139697202
138452047
138345336
136814326
136521211
134710050
134354356
133757905
132328529
125237180
122797474
122699103
115115186
110588294
103188308
95176997
84125548
83215303
273218666
271709362
267649605
265253989
263899715
247890266
245833756
242020521
241367261
240382577
232753707
229073314
227680564
226872506
218108623
213212970
211974209
209283228
202847363
201929981
201689880
200529246
189103053
187706116
181838414
167786404
142201151
139096002
133617443
122766021
117842542
48406095
44997328
43349456
25965947
19780167
299353446
294023763
303052964
254413746
250712688
293254946
286260786
289395640
218826808
25061864
144535006
262729865
260372111
301603162
88509200
277161555
295257432
194605596
293894835
254066931
229763393
302782306
161556334
212605688
302291594
298346875
163529308
41811876
295884601
144569970
150083541
291968963
145633340
283095644
214257260
302234358
164543557
150659314
125826885
258816073
227186252
300899045
303088867
232185911
