290170819
292887133
289590632
289320679
287697380
274365887
272090529
267146946
266157978
263001130
260747739
255539135
252228021
214734993
203265432
185888876
180711853
153533792
151632177
148545142
90154183
234165374
229923704
222880020
220633456
218262862
216041691
213927318
212975994
197324126
196638995
186227193
182560777
182208672
170581657
165586575
153856145
252003049
247529284
243730313
241213879
241006350
237760369
236849700
223762160
210324246
204877047
202928441
202683871
196415531
185585607
184394774
181272441
180646145
179636153
175950981
168031268
167703376
165027660
151097278
145303682
138762311
127375242
42223729
32853075
28474699
294144578
294115226
294006652
293971301
293947550
293870147
293857722
293838520
293835658
278929265
274837786
274028393
270610075
266412135
264003273
262956666
261236229
260532981
260154088
246869436
237760369
234517965
233378382
220633456
216041691
208474648
207058536
202683871
181574821
174032164
38371736
