8916642
12767933
24129790
34550456
43632443
62057753
68958057
75103553
78792417
83223459
92221154
92943093
93203344
96028718
104636278
105207161
127697691
146284834
151732943
163137547
165826204
169113624
172488796
172601570
178476894
187007547
198906042
209490370
212978848
218190128
220964918
226154399
227200762
227785107
228991632
244717234
257961641
262564772
262754806
262841199
266973386
269465800
278452339
279966128
280182621
284766654
297349761
297359547
297923142
299499133
301341422
301519773
