16919697
27436315
27809671
30301281
34314816
40105119
43879358
50679416
58097936
58830450
64213987
67352430
67424545
72074468
73843592
75812538
80258043
83215303
88443415
89114647
89518687
92958785
96859738
100556156
107523643
111087261
114935529
115514992
124939266
131933683
132136278
133617503
136297045
137224558
137294007
137678773
137719424
138719631
139063068
140529954
141771671
142726976
142789928
142818856
144981062
145275294
147894589
148053742
155265403
156699209
156800728
157289406
157436254
157639880
158250710
159443867
159979360
160385455
161650574
165127911
165460871
166177652
166479189
168949933
169666708
170518554
174850468
175306674
175639825
176448847
185870848
190979612
198081952
199197284
199311964
199885609
204730308
205205197
205425131
207708433
210792386
212796555
213052508
213712302
214636769
219699855
221219948
221839498
222494658
222831166
223084359
224046851
229367597
229531378
231332422
231955687
232897341
233493947
234268656
240125947
