505017
3027488
4441424
4694069
5054092
5712312
9034786
11679901
12686197
13661264
16224754
17964268
18074307
18506991
20862198
30540702
31074781
34960240
47468998
48362793
49580067
53889933
56341736
60441907
63473942
67603834
69300199
79058628
79712641
86689920
93402339
94955041
99054864
100102155
110112070
111651789
111934953
119625490
132595073
134930878
135290421
135706419
135940020
143404433
145746210
147206558
151889465
152282008
153709576
156290194
163277207
167477255
169947685
173458545
173817638
173915564
188552790
191526406
192752830
192802319
196641300
200102109
207539209
211336180
213479848
216844511
218721967
219595848
223342746
227657035
232408641
235804602
239067425
244150212
248126751
263846272
269634053
285838877
288632471
295344563
296522086
299013801
309003889
313143819
313441505
316699242
319615561
323481433
324982843
325983731
326004855
326078924
326214422
326463919
326480556
326709819
326964464
327019494
327124323
327127185
