323515488
175698049
314683140
317867728
239839449
307852130
56169009
250800001
315757209
284517777
157092721
250849
215634772
225577767
270448800
310157413
320139380
315597840
291883306
272520644
172553049
164699252
297593487
155471530
311520045
317010083
141076861
177198733
163083446
186230792
136895411
278119513
322987335
157092721
294826392
138257851
51444309
280966780
250849
210423851
214564814
214822550
123616000
323857165
55864645
208310245
184667636
252512456
295921699
172448519
252512456
295921699
172448519
304204627
314850268
216633368
299743046
317899166
287525159
233022532
51700647
320866769
175187782
240295605
215634772
313181920
312226058
150897429
151875617
324210192
272420598
254050330
323240623
268876969
249933614
