185509504
185888876
187082849
190216204
191543010
194150157
195442912
196268336
196415531
196607695
196638995
197324126
199968323
200182017
200491108
201564882
202134723
202552199
202683871
203265432
203349908
203375423
205205197
207058536
207673756
207819954
208474648
211242461
211427737
212975994
213752614
213927318
216041691
216123969
218464161
218744402
219451859
219517178
219537205
219791374
220633456
222972021
223587666
223762160
223976887
224610234
224655970
224801472
224872403
225855933
226366462
226742389
228970462
229816585
229923704
229948580
231313798
232117252
232276307
233438409
234165374
234501055
234517965
235037426
236256213
237242446
237545506
237760369
238258761
240231439
240254386
240737353
241006350
241213879
243730313
244914409
245975697
246090751
246120004
246427172
246696006
246936564
247529284
248036596
248106927
248270433
248898994
249172931
249454106
250491344
252228021
253863784
254016724
254092267
254192182
256882168
257242987
259504047
260154088
260532981
