1860282
5675003
6685378
11054942
17420820
31976336
34212386
34879002
50485323
59568570
70035875
70207606
81970540
93905515
113468205
115115186
116112604
129088741
132991040
134288136
137913937
139560341
146946717
149046711
150659314
153357524
157363951
164693609
170171288
176026982
177514734
179904812
183512980
184474211
185083571
189102505
189336177
191306027
195879072
198710502
199181271
200358514
203167395
203754402
204600268
205904500
207755801
209124607
209450985
211401233
213511165
215298621
220737698
223104959
223375003
227103160
229472914
230445928
230659908
233868407
236260394
237608286
239700156
240937173
244880406
245246599
246965858
247501254
250433261
252003049
254759703
255702018
256107519
256886270
259313901
264282332
265346025
267812659
271783940
272077111
277697862
279756217
283615844
285386407
287214287
287635970
287722100
289199450
289584590
289818182
290193230
290490150
291079131
297593831
299505454
303725602
308127027
310924375
