224853896
223084359
222831166
221969410
221618629
233413413
231601440
230014653
226335952
251553086
249453127
272218381
271783940
292718781
292638590
292373686
292222617
292221868
292186073
291714370
291461660
291343241
291264918
290945153
0
0
246159388
244519217
241770861
241196043
237878029
233413413
231601440
230014653
226335952
225459708
225039221
224853896
223084359
222831166
221969410
221618629
0
223084359
222831166
221969410
221618629
13692297
13692297
89447137
89114647
63573759
49098115
43879358
34314816
32471987
