13295252
60068119
65420545
52255475
59921851
23206079
34985835
36539410
8337923
81222855
53966216
30127198
69531273
42416529
17164406
67385374
23431427
39130136
66969366
53393661
59721672
24261502
42059861
39673900
72608859
52669455
46258034
68999007
53194143
44723042
52160189
53987979
36352266
41356567
64735658
72686157
40890830
65947831
55897568
51609737
28361911
60034726
30718427
15336495
30739877
77408364
74738426
58701785
64074362
77808180
58794015
37682425
48260982
66228080
67816144
82014283
68101640
66939974
38836982
69596891
62069013
21211791
50243775
63328766
51318460
61413825
260
44267115
62919013
35359693
24370682
17886
44431997
88870520
58670170
57893500
49938046
52629688
47350356
49479753
81028257
33704965
60682774
55262798
32538224
37321434
41760883
48177500
56516358
73372981
40925761
67937747
76862936
43554759
41508577
50016775
48156508
64105315
52805991
