244410968
331836102
269971048
-68990901
196694596
321448520
317058695
314891787
-53987979
295066125
337264847
-68999007
177168718
-30127198
-72686157
-53393661
57855858
-35355861
-69172741
179593710
131539519
297528128
276534936
285515813
283482872
197758801
754120
306747592
317844014
227175627
258115233
53044820
269103743
210236934
21297480
170641329
38728916
334243594
337326100
228305147
336021593
325149241
335701794
323555132
272624761
183310500
337412991
238557790
321175971
112941982
226835433
337571636
-13295252
8899988
269430919
-74738426
169169771
89189445
190689558
206448078
266236830
275763537
256908887
324136156
24079772
239810237
337452857
251367333
201102043
176859776
142414757
230000630
227717151
192641873
332870605
337525677
240551052
219332844
292189474
324462848
-74738426
-13295252
167273724
193712435
156222070
151544083
209443302
291650046
291650046
8477820
317368878
330164219
312868161
337518153
201102043
337569828
218963872
299778285
250830881
269599283
196270704
317149332
337585104
176223975
335057559
40842096
182546368
136105833
335469054
235348640
334807474
288723985
337653996
236189505
335469054
320325744
224671132
333323273
156314263
177953692
172790411
27225290
125944236
172579063
328151186
250830881
87947994
266756097
313329308
284318400
17199541
257728814
261742103
336210192
302627294
224671132
305350157
134902841
246663387
216002985
266333799
174243402
335532807
336774887
337667884
260751217
279184707
125115409
222950340
335218562
173280490
276319258
246663387
294920129
146998620
330481637
160430338
257054591
10246762
328567524
313995502
314132695
125115409
283927718
261308622
213446146
144454689
337598267
155902250
327948265
181713433
192153991
320136888
276319258
228497466
327592154
210494776
250678962
333531338
117163259
327592154
192594537
181731552
72678365
245546751
185107512
271316073
327484524
264661166
172657139
331923517
335959778
195318379
190264064
201340784
278390735
309466771
333451100
226969690
172611598
302419285
30492652
326605453
337250342
307139194
190837984
325317457
265754923
292740977
330937796
308004078
269567915
336066321
249102455
317562071
63952644
219690037
329869087
74596090
186812222
268803815
335180508
335734555
297137413
290357545
237807874
307833243
70755143
337381135
169254107
276725287
337675180
283033536
337308995
306763572
313369032
164689893
337675111
203438383
337672688
260068577
327375688
328028553
307833243
232906952
333141566
311494470
166647315
321980188
333141566
266369002
56424496
161446925
333042674
168576750
102144725
272413887
80667754
321301608
313986136
263953787
335874127
264622565
251540085
190048164
324498096
332971489
227922870
29143522
167943102
329062537
223289098
99974487
313986136
160068504
301885965
280197176
337671200
223054204
200529246
329142263
185355651
125708221
335144995
337498870
319782626
337676463
246877529
329969240
288037266
226958664
246179227
318303324
337674752
235957322
189540009
293937031
311524034
233665251
272759359
230659908
100863206
239453927
189135846
327142533
126928077
337349347
325350067
12014063
309950039
152452151
296131174
265519948
200203953
335721629
50321046
15685825
332092938
239654464
188310848
202791930
187268749
235633673
256451786
215026328
253623499
251006315
214392049
156964047
89183946
318287056
269447876
303993736
306565850
114300504
290441527
244316995
214387961
309799263
335981305
108214883
157643120
183986133
126987403
323842028
257047188
337674645
305154955
91090898
333911087
221959886
257413539
321885095
203880853
97646329
337482838
195632877
137251071
294299720
337106702
305419537
314976798
169686497
258387173
230241638
318150850
305419537
215611474
227505534
335924704
334918907
303528443
337393401
337552007
312586145
325121110
222453453
14621765
208712689
293208009
3063241
337430586
280252671
89731754
262982963
161485492
316699242
313165388
335095644
337129570
186170788
190181466
316497771
235968812
279391354
251220641
333233759
195595860
325385150
275264712
204502780
282067328
94702744
160335414
327367707
114968265
279567619
105803410
315400730
289280034
306668316
336981119
308573297
146144980
300326776
317699456
219670625
13275154
325253124
334408878
272792346
42614915
272295505
54369894
181386462
303731304
234787227
228329079
178684264
200325676
173657215
304421119
311651703
336840637
133141895
227523220
176458519
336251253
331783837
178799972
264851813
315756873
144050079
314890060
209306408
332956049
331302710
146052729
330685519
161620071
273630557
227932590
336171397
287465572
330013546
280608047
336309367
311014340
290225911
283414409
250915701
312442967
145362885
139074454
208670423
319146118
91623470
298223421
144660127
334035544
254689570
335751448
336491708
278094184
300899039
110883424
330627797
320401308
273430449
314029656
234623636
267666771
337671118
300063495
188257846
293499688
205298719
298907190
230496992
243427282
-8337923
239521717
158611819
226852060
200875037
189434310
316553146
197961299
289080539
328728211
147018546
216961482
208721511
298131753
251531431
247905178
9683566
303454262
171801483
202587112
155753120
277106018
275476377
236678923
166119260
337014846
258294082
269998170
212263052
319283456
275149644
277678560
309091492
122545436
135572533
308900694
324077472
213550785
15193106
294961197
322615925
201147744
327732691
194766654
288995559
296378093
190440014
334255058
274853859
152076351
138711068
138711068
133537377
20576257
141017794
337586567
326036042
139213484
142900034
263950754
325626926
337376450
288174946
166759062
287851205
336021526
337676560
182615626
337539973
208979360
332521618
221028682
316857330
227626530
337675422
258579302
72738911
215066278
288505180
181677624
326034532
276816647
315882197
155471530
322915765
250677976
245691676
192308389
66632930
337356801
246047826
193376032
337446610
175524120
83254707
337655569
325686614
309558459
337569859
205659258
335596352
260939463
337678415
245878075
236560920
337438887
234911540
164539096
190774999
196722897
149101996
233125375
190289120
318568537
245665348
336655052
303993524
336491900
48256224
334072453
143925307
335754507
331558104
332072701
319027390
317980291
337678414
137946932
263832831
322992303
317431952
181904886
170791092
313665134
169963020
181074003
220200966
212784826
234923483
133769889
336097689
321297358
334902742
191583728
336249748
159579826
51252460
290828761
335641761
195914588
226108895
194803163
312432587
322941493
316156944
247618726
335946768
278674653
262202223
189068685
334601437
163929181
16936150
318449612
306751101
334146808
63883323
114260100
209632587
329039159
247291362
246920469
311144068
195712869
184767424
239767479
263328026
161497852
193984919
337615024
93586448
302440613
109068694
207617688
268139987
336840937
292048767
269689369
137801246
296619446
332617591
194825574
214588649
259086939
153018514
337665349
336766618
309010208
314886205
204624889
185144168
328399606
169884119
320355843
203085635
275550807
213925080
257157061
157311123
265220839
328780603
79830761
176444860
72910972
255852431
48713268
329381711
266755565
105423165
334252615
319769518
141698659
288032100
214260812
322135138
281160085
209073357
337439612
335298423
327763153
113743045
142600353
261713924
337410304
83358372
324691407
219019314
321902683
188505582
326758358
336617722
337118314
235961392
309374294
49434703
204684624
337524340
147582624
335090436
299080768
274686614
304854543
304778910
119944990
263868861
191793738
335529633
337665001
275006115
233535847
210134315
266271707
337553368
138268353
270381281
319242205
257171283
201477045
139684228
325933446
144245148
187237998
117821166
207379165
261283442
281281510
154245924
224825460
224825460
317852768
186804190
277847491
138065104
269337880
337673040
232869112
260026776
334319477
302300559
337665330
224026239
208378237
319819967
264603049
302635012
237697293
297833098
258725476
267296784
210320042
212037631
139005155
12441020
194561725
329720028
304884487
334757580
245624211
229532284
280755613
132528098
200870281
162769450
310099896
152422391
289154729
288617232
188690427
64638270
136777884
312858184
249634307
24833260
158416328
328764516
239537512
202902704
195411557
148128569
336226233
161989638
156615845
218423205
173129890
318129717
316955630
172567723
330870109
180634337
108740141
112788799
257390463
337204527
267768236
155588322
300136580
337614742
257390463
291604558
300136580
214312560
277735583
326381670
7489505
262872865
329387733
208243055
208243055
266569738
229125769
192438174
140985975
166727484
335962985
336141181
175286926
144294535
175286926
135023865
276636526
336302820
19828187
322304932
151283651
301622996
324231484
333230311
136422695
335962985
220093131
90141719
311983955
230275365
270685378
208576013
216426285
323705708
189448413
173869527
288513093
233999341
162647854
321535078
175530221
144794806
250890930
337557926
279049103
135649053
207156221
246269042
209961384
329386957
243834529
98671963
337557926
335279199
330151467
147169833
329074669
287432021
225472768
278095124
337385998
193169922
336731722
262180951
337641980
244407446
176517131
316955130
222456237
301903367
190359128
301625269
130907043
332392297
295804037
263308772
220402668
212864451
220402668
337439097
238700772
234952567
231870214
336730524
287950742
337027938
252653328
319530130
280793201
321316349
305456915
172142068
332914772
165087753
199905
143150521
251993555
334460884
332914772
138695139
329526249
315065163
235127924
216715456
213488555
159348697
322817612
180281403
329095234
335541820
242497826
146625194
197288790
70874951
327038525
252719910
136259424
336410835
217967598
300720823
133704631
209150082
252719910
37583177
230472586
330993480
295481512
150476662
316291617
132997294
337113888
143570806
229714151
230472586
135837044
134581761
308160550
172433930
15721712
888642
163513159
234798859
153255637
181402072
317943280
133704631
337606201
276427095
141965028
188486535
1555392
326598458
182224670
314144736
327035183
198814732
247979285
95797266
229787204
219760241
309292117
223959823
203284670
299928003
187494619
71217134
41036477
249949550
171465344
91608186
213974828
-47350356
275728213
337539121
152002892
166694764
197151097
226147395
277618742
165459777
229502292
310574724
291576203
207208164
201837498
310280035
200085985
218986690
273427580
304578125
278756494
327906430
236196258
289841647
296219911
331221648
330076299
120370684
213362870
336515224
199133090
161760514
273343375
262150220
336067979
139323155
337624935
331221648
321347408
201439005
266595168
308711766
40016539
335969217
186727663
109133966
334484181
182162472
142588162
162062015
190818157
140848423
172058897
120370684
243819575
286678144
105619574
337346839
335876998
262493949
323084232
191384054
245108321
336187145
337639995
232001416
224213363
180490822
246507811
269111267
71186495
288063822
274836044
325264819
334319223
199195451
337293563
182684362
236198801
134545151
336656983
246912868
288108993
234295660
313785477
35250817
16380477
265228315
271288219
334925192
337543521
187735359
166035840
212897614
267102276
276527460
337494705
153874926
284324249
201985008
230863449
311930972
229093236
137474026
209090399
183552696
253426255
309466937
102994146
67714946
247231655
278751073
332201816
337679683
216995998
315165581
229614168
283938576
189178051
276454635
150890009
320231244
283938576
176789994
131440321
336310871
271923607
313788421
225635455
176651704
321748498
179711452
253302294
157766059
167020910
336310871
252800315
205238459
202289578
238424801
332009663
145703184
178628212
291259317
187763657
123521286
212655008
243940680
201400358
212669935
336958195
321145815
139761495
334790728
220941216
275588504
336226954
307024731
294078940
320687970
259459127
154755606
122191054
316285245
-41523334
28775949
72023594
285359382
331742330
207082663
336671151
333609809
319420487
166632003
299733855
137997173
242916834
334890056
334659017
265217574
272949371
326170837
329096195
334958724
325462834
336815163
163652795
228766084
294367091
271264861
294367091
135746835
327064858
321759230
291052136
214573813
320037805
90227083
62771336
325137080
292396164
152446004
319956123
303920737
178027215
287173713
80667750
121186070
218159511
181241301
321619554
213918047
190299567
208245001
190205689
335248534
306081488
326970208
159194846
309410046
163089654
136872608
138131533
313762547
157859144
221600994
292517112
223934494
211979490
150831659
216110790
186504183
335655089
198629624
234717648
276584589
7095190
308772083
334226859
62916744
311371240
143713886
332221517
235237173
269091617
284399860
245990499
241009576
326311391
318142835
311424083
226147008
329313794
290794584
315771081
279905688
289744843
203708825
275794948
194560679
337274913
233794973
229462245
297888412
139898595
328060188
318455509
163795807
47430014
237476461
302067824
336823028
337684916
253770144
285390884
302633932
252852193
198537815
268948551
67296178
223769050
222465813
335095729
35244918
263636359
274850310
313089211
212537439
322551621
174225674
180172819
232583896
310705134
117971006
201672132
193428195
234034791
251670630
324612061
317525143
321217731
246002875
6571713
147694681
236859705
283783492
264853082
16958439
280693403
144719390
167175147
283265727
322304833
337536888
143305014
254143381
210911643
325970806
234826028
164969867
335907388
300818743
252313655
287807402
333855852
204328716
194469310
334879302
289874357
241328656
225120049
316452637
171633754
156245698
133503797
308871829
148171492
292212593
267508747
187140408
148079709
161589391
82124193
164262851
171633754
207488709
242358150
329444221
135231822
23403088
140704538
211151493
320666984
27357813
8340664
331596057
281901733
232270424
298041458
265106792
152107254
82124193
328195953
317476342
142335681
273184450
178510713
139047361
334725232
191111231
148985435
331893110
27357813
137252716
298041458
317011272
313124574
321286799
286706578
204233976
247725463
265313726
291775349
189135617
255050082
222437597
329847712
331837104
332784892
282077337
217471844
175630457
336994192
328490968
337681948
308739084
159476103
336762501
246492603
211239725
83173053
139938382
54796148
150741533
182092116
157625074
234155421
327545732
161391532
317604510
200271655
307021946
249004941
245600350
244738092
315746653
332120562
337247425
259545237
188963300
310667124
282879822
336017272
258430742
285888354
336502995
188963300
317608254
134752624
336097600
334159350
217075885
200860247
239622103
226843557
123763892
334208035
273441376
208989278
135301179
217678699
289299317
334611544
168220645
337669251
330549998
192167604
327115661
132737251
168005952
102162960
299955797
168638640
242637889
291123406
132459087
317207057
320231002
337311266
59998652
334100742
124736456
329985716
282339905
243927693
324285683
322810947
208683551
242225609
337454358
297072222
329770229
304332004
208663179
337091808
323571959
314816388
308521954
333779497
69235566
227861703
106590928
175974830
12709762
274280347
299362362
149704014
230562773
193511698
243937416
50343625
228855420
144060283
212558696
181503093
281846648
250773921
320946433
119277446
304263996
307491669
142655824
308992399
114688717
304545233
319731075
337592885
329594388
176363744
198869275
308200803
96886733
202812454
165941395
235199173
272814599
335611754
280939354
217366966
230705586
16449685
155210716
314286332
209710482
278446344
280839732
125856034
88690694
140833875
255479250
187595899
324965989
331887416
337334160
225173498
221055894
268002674
336707965
334559654
189773085
241616986
151986972
319617411
233254243
331478636
306480495
330790443
303312466
243336463
316097505
333018957
325468614
49737781
322712832
323712533
198703474
319702886
264471609
291456255
336044322
118898344
188326671
294687747
94909622
150772118
151545219
31127944
287613720
335308335
321849797
269406308
133777142
151249404
257860136
325939308
190145228
173888685
275563164
308032044
187669604
251958492
302060720
238090311
311766439
107693937
223199173
294864039
133757990
98510352
173873378
260382246
10184296
283886941
182170200
31454720
337610334
336943820
192673432
302542690
195489443
221470556
287306659
273446421
156982382
317022532
335442295
269168099
188367161
100032846
195262219
292377856
318832574
163941586
121252612
335729336
17192661
192685846
133660000
237244853
200696200
117121707
135448490
311911279
307849875
297620611
323015738
158721838
324867222
318491356
330155682
311549495
326835769
55726799
322423772
120220946
185982912
87782467
267324766
125522634
335377340
218538298
187347602
329641883
251210210
228888113
247933090
224587901
247514526
76381265
337358302
75527048
280603263
210990496
335530845
323211764
180930250
154287421
198703523
320203810
298013369
335110014
282343138
162411625
203943696
174998250
312289375
243704242
331828368
319716669
299731787
295298552
288311341
332312886
324802113
144373681
39445668
235007967
273448057
337674100
138569940
219969426
337690690
137472626
337189217
201516109
204350615
287313894
337605269
251527798
188994215
310010855
230117331
320055754
294039395
82029897
216616101
182914440
317981689
333011917
333080884
320665137
147477681
330975316
337674271
140220602
223229568
217379093
174389642
201532959
331407590
157874377
311996102
219886768
334628936
170601050
244123229
332847473
304933076
163795354
324789518
291906103
331141476
143873848
233661326
294090928
66601618
333947478
207072851
188186302
209759753
321289191
197470163
298861984
194950584
83567543
269231206
106597791
226522447
253870796
175250852
276439960
189755714
240069711
109001460
291268303
303203806
327068382
106597791
188550758
230103389
297764666
336787504
337560857
262038673
233087753
322925157
336493716
303121056
116757595
290738509
232444229
280233211
199541843
265704151
332062555
230328363
237640487
100863690
177908937
204714504
297620661
337624169
337662123
71916995
226604071
291259756
147786276
116757595
134852045
284386273
337540370
311769019
270024994
236946906
135893410
323284744
320743633
294981088
276630341
314289046
214699750
317363667
202840880
294433072
323284744
259468552
275858587
69807595
323265993
230879726
275483911
309709661
254563895
325900543
9746410
288992607
289122319
336638140
318600903
120424758
335737707
336127525
323360452
299494924
168738925
313136858
255091689
336669620
247356791
332462274
299697867
332636249
28501456
334953744
276624815
310224272
195389313
337690509
336220854
228123075
312987017
222030254
328922254
195905331
337605156
121806411
132239458
312197241
121806411
243530902
229451277
180093256
257652504
291667076
244672829
177322990
237372865
243853586
237613460
24422192
285785314
223454788
158501305
269106749
173550838
231206379
140268097
300823093
327905219
337333570
198418289
270617676
333014155
275600085
286077376
307231300
294997871
330591105
220755017
336340483
309140011
168718528
60966028
181286131
231206379
321438847
212987252
314168688
205775307
189495121
185545339
40901042
337690669
335746561
189931024
151096419
301406398
201460818
179072856
189495121
148544038
334418113
337345348
208379706
58436906
326616858
289053363
221886582
337651333
85877654
273528753
200825042
335315633
337345348
164664601
193442103
213146482
274536743
145155966
189726409
278793634
319143725
198408531
221607002
218016996
337017214
193442103
131983862
316561676
186235206
261881487
295057458
233496198
233496198
324058624
36653626
315593278
215051767
243804582
319494275
307428986
209393093
305432850
133794262
185823461
228721562
102565634
96009106
281928065
313304971
23263102
275331770
272433601
311016526
223451326
319844639
332901289
306680858
335349388
334111736
240005052
337216692
337500271
158290603
179673265
265135603
311016526
334111736
103011451
337694400
280685755
118906279
336860167
289476946
227845218
337691633
337335704
287694671
160031532
332832973
-41504640
146565135
264717914
331675498
115063232
152590656
275413241
328212923
332832973
306421474
237368777
319537114
330983180
267869516
52316461
9698281
302011479
155820909
320503593
283882687
267869516
13819714
247473023
140148607
179962506
223721940
310682140
273668515
238641690
238641690
320755938
292814660
164282282
179510914
140148607
283882687
143326096
143326096
111868290
337562432
144513437
203681980
178592697
62124124
262833808
223396775
320854986
309011499
273967401
158384270
245625923
210885134
276463248
151479841
248041558
262833808
137557980
219957271
210885134
172538487
269082349
203923259
250538365
268970607
280455864
295075602
248041558
137557980
193815886
184957775
310108229
256582940
138652154
210885134
177495532
225034436
179993356
298067512
173272914
18876273
333179870
199620126
274344231
337694192
68929838
292360888
224657012
111135797
153044810
257710729
315982062
191855575
175174451
175174451
68252470
324826248
169971533
164221135
143375248
321544818
195593845
150960030
336832736
324400569
321544818
69869
243755422
320199642
196979045
304816694
195593845
171084086
146672330
226477899
302520298
328225366
282246404
317280960
270837356
237009977
186096644
138277313
282246404
255219525
222563197
235165278
147926556
330973658
112855214
336985404
270036543
139230626
255175059
154831088
16883230
246055878
286383578
312494288
300532218
326858667
302735576
302735576
326858667
337399259
300775529
236544021
184550944
319879263
237479115
171346903
108630260
319879263
184550944
169043050
159673090
303894492
204381830
314155560
226360589
139311907
283495037
158725306
253515503
124976631
336067432
227167277
245477013
292092425
303894492
240174592
324136431
244202541
301643295
301643295
313585301
14305055
193776718
250285368
229109620
227715201
110947145
283595343
216991498
204857050
336542753
318518841
181562859
281437604
280502202
118549672
-41356567
148429252
226803044
328295092
60199492
291871782
293656147
231137001
160980035
152668823
147158988
61111916
334652209
146808937
160072948
337645000
164252834
214480158
48074259
253292571
337263501
246103415
206432494
321333617
331447249
90308399
290752298
210159899
325596110
333754559
269607020
241066398
224718055
272075272
330543765
333502166
262776489
301484296
160612454
187518153
315989111
227837651
227837651
276273381
255906176
269209908
153067954
294163617
179086725
-24261502
238128864
313622055
160128683
295220257
241737350
322528741
256143266
159506387
336603714
202327370
214561070
293509115
135535906
307762917
322681021
195508331
32758081
65278227
322391178
285983930
27332787
334971795
152148169
165485219
325576319
336383041
232683673
310385445
274393831
158469532
311675282
331270800
268847718
335951676
337671597
251189747
277197741
337520740
286898336
337696337
320343657
331242459
136429385
240576836
272682981
293589296
236890703
31013782
337041466
306765655
301727382
229648252
9752819
226910790
203203691
320447744
255262917
246152542
241525403
268671967
324203139
265409402
309878346
147630849
238976784
156230541
224480185
324219745
308100155
177257326
335716154
234128120
220380196
244779542
267310416
299235230
203693764
264840089
278098603
236851153
335032866
222325804
323137767
216428510
260692004
6718159
316601775
183286669
337456158
312834699
244946091
165799157
154847015
337008256
213154925
337377007
294956803
317842104
127961975
227259334
330736710
111479155
156261688
260196836
62853147
100963532
188474163
211015
244322673
168840066
270761134
286183981
337682813
5425382
166555942
78566597
5425382
252560446
131637774
231875698
212611866
337696136
252726046
50003497
201611690
283875624
324305983
280822431
336471402
298038391
140597639
332315951
240340384
228376832
337099269
124875312
202076566
318447579
326753851
201751500
266398638
308012642
327252975
337377268
333152594
315430515
232703742
335192277
226462922
337187412
64351848
337700380
337687245
209674030
260834430
335389768
248482476
136290041
201489135
276245448
300928272
300380213
223943236
322879273
135997651
330659341
188691452
170517181
336515320
313152159
337454417
17766758
135313116
194803666
159542973
335078858
37620385
242787530
225758098
316564863
233813879
186146443
332927434
936145
278471327
260398235
277249653
59960088
289979740
30275890
337689263
246274122
337121961
333610383
246741615
320870189
335077279
169147326
71661228
316312229
225505104
215460059
154659801
267378468
276703801
318703505
317043369
288787938
214882148
277848451
337678811
180724680
206641256
229627646
229118921
203293475
238485859
336975731
200643835
334706295
179450021
209987124
263539272
231666215
316226456
182230361
336040105
295244284
158565485
337691290
289787654
337700581
157948062
139047008
216638747
254526557
206567563
167152894
302275819
320853005
216638747
155923354
216243478
182324325
185885782
276536242
328584675
284576366
223674955
263704862
268198988
109133511
279846335
205262697
203799625
304155017
55527847
336226421
1769776
151197557
299005500
304341686
273472945
320174999
157787649
316972608
215026789
227218888
251029662
217834615
210135837
315094078
337581366
92790999
-42401799
218361769
51603613
147226341
321723145
276466997
145126513
209469805
147878076
245890072
325353637
337679421
314968781
301409943
316972608
180839812
151903100
250494583
290730935
323349895
304197303
231569424
296057425
112026368
281531859
46914439
337438747
245133283
206705580
139906473
83573419
304226086
296057425
331307596
253545437
165973651
337438747
264116818
281531859
194070584
310131460
332334290
332350464
310115940
314968781
311885566
91318833
261019735
291490982
332025195
132188514
336535617
282481469
140842139
331638121
337620892
304497001
175422072
315457972
61302057
337198684
230213048
279320986
329521235
325273321
113653784
289284549
266669168
199885169
335693614
293382073
336753825
78092173
274247514
17763521
277860581
287246930
290990137
119048585
317701249
234255235
94535547
325897771
90789360
274100765
329358921
235178443
30749475
133888063
257955901
213190992
244223777
335870773
196070041
314846752
253615655
336252299
275507155
328090259
30749475
329809565
235178443
133888063
204376462
335021278
5563612
255642675
316514769
153814644
202928231
168675684
328571977
312459486
167541406
285809423
142154978
118983667
136861492
326317396
142154978
151266697
243189034
153814644
309554604
8031745
276370655
206838638
183721490
243653252
157479207
158150654
331839920
264516322
239469318
302053863
167822640
131962362
171077911
249179514
143592105
87043166
322677947
169362244
200419646
327616859
226124007
201697058
334611306
318408961
146831086
241992386
185515773
196669744
254050180
254050180
317270161
331683558
228712045
325344702
232634170
254666475
204517583
206336563
321000110
166952151
328120601
220038309
324990477
160744575
330536927
226628918
226899647
322839924
169861302
220556285
173282851
200365104
307232473
333917141
323649493
315689103
307600979
183489478
320521802
334888554
324367955
274383331
317564915
204099285
334936576
-53966216
274450840
124385466
111580101
332921428
308335461
282810125
206583289
284403820
201206308
58986209
245442766
134216683
337695417
308357639
291477620
329270682
231943511
330955267
331119096
336244505
269875634
230749835
158558096
84312518
279876425
142796368
189063247
185184505
169110675
337615933
335439041
162725261
334071413
285797743
335385512
135055001
224156030
211706841
101921079
299979554
332535873
245266733
283782671
283782671
136161389
325128893
218623289
178953349
317030891
323591572
329060007
152364090
321643939
330955091
236773414
208624851
299887021
332090613
331741806
269022433
336897239
336673286
327247225
337413503
155953668
191320269
132306504
217888945
54672814
312852574
286521482
298160883
276171802
53783692
53783692
39278074
235714538
297719742
335175149
237820667
176945198
336179746
253684279
1477145
216940143
198554739
282164214
269808542
189554326
192388294
306943960
333024992
332363700
273215166
337697319
