1566100
2535531
4472164
5964160
9718637
10566094
12004280
13670900
13941970
16919697
17723137
22691484
23251402
25945714
26683776
27289411
27436315
27809671
28384250
28637145
30301281
32471987
34314816
34400890
37233131
38191878
40046646
40105119
43879358
43942455
44345065
44665835
49098115
50679416
50747068
52203141
57632672
58097936
58830450
59768317
63573759
64213987
65704547
67352430
67424545
69120453
70727525
72074468
73843592
75812538
77716892
78853326
79227423
80127722
80258043
80915634
82177870
82311018
82717162
83215303
85851448
86205822
87715133
88443415
89114647
89447137
89518687
91717549
92158692
92367881
92958785
93704795
95254597
96859738
97896321
99845775
100100598
100556156
102559615
103157106
104043641
107246210
107523643
108020224
109435861
109509673
111087261
112727209
112968572
113185811
114849821
114935529
115514992
117448553
117825837
118790814
120146150
121352612
122811655
123156838
124082055
124470302
124762622
124939266
127943050
127981358
130101773
131933683
132136278
132187872
132940948
133550071
133617503
134192601
134641560
134681282
135889910
136044065
136051915
136078537
136297045
136337734
136454485
136738591
137224558
137294007
137434156
137678773
137719424
138388826
138447873
138510316
138678708
138719631
138862231
139063068
139355748
139779682
140006786
140346461
140529954
141059329
141390818
141558266
141771671
141980189
142303519
142658639
142726976
142778755
142789928
142818856
143068460
143110197
143934001
144205112
144817890
144981062
145275294
145828712
145849052
146101829
147853858
147894589
148053742
148254861
148509415
150447565
150552000
151185248
151716371
152100209
152275121
152421909
152627991
152919759
153094686
153368853
153370768
153894380
153910542
154017695
154455639
154716132
155265403
155324288
155465285
156210748
156372431
156573363
156699209
156705130
156800728
157125217
157289406
157436254
157515923
157573917
157639880
157663050
157704323
158213688
158219726
158250710
159317615
159443867
159766759
159979360
160385455
161087770
161650574
161986299
163224055
164382049
164591386
165127911
165460871
165475941
166177652
166479189
167477039
167835159
167980392
168054483
168890570
168949933
169140769
169375046
169393124
169506729
169666708
170127760
170217796
170393690
170518554
170604575
170855670
172368342
172487725
172515444
172945275
173059155
173347050
173701749
173872458
174301884
174850468
175250852
175306674
175639825
176252934
176448847
176509075
177083230
177180015
177246459
177348149
177749690
177824097
178014969
178721350
180101663
180839288
181074340
181253356
181258827
181858239
183413562
183648396
183674401
183932632
183938052
184693365
184877503
185819552
185870848
185888876
186485189
186578438
187082849
187439932
187940684
188336359
188542347
189270462
189557383
190042838
190515269
190528331
190729669
190752460
190833148
190979612
191306027
191587011
191904928
191945115
192010725
192313067
192479433
192737345
192860621
193070139
193474397
193932848
193937137
194200526
194434703
195431936
195590317
196262064
196306632
196398719
196638995
196877492
197001249
198002743
198081952
198118243
198757739
198795946
198922992
198966745
199095196
199137981
199197284
199197858
199311964
199885609
201467688
202195133
202459108
202541364
202689988
203652045
203722631
203984700
204213411
204250674
204377934
204396962
204730308
204788784
204868918
205205197
205425131
205625218
205712514
206666864
207048172
207109617
207708433
207775885
207894595
207895270
208166190
208251210
210110004
210134315
210466419
210496973
210792386
211041404
211104683
211313204
211427737
211443033
211526856
211604789
211659480
211704708
211982811
212579232
212796555
213052508
213345711
213585800
213657892
213712302
214254912
214309280
214376311
214636769
214959454
214972956
215541380
215665495
215684684
215889891
215938899
216651151
217769593
218028687
219142733
219149995
219562409
219675163
219699855
220135863
221219948
221618629
221757468
221838214
221839498
222388773
222494658
222595887
222791938
222812719
222831166
223084359
223194243
223278626
223300832
223375003
223495494
224046851
224351415
224378780
224383441
224853896
224991673
225306704
225459708
225699048
226139756
226149240
226335952
228970437
229367597
229531378
229773681
230225926
230461094
230515823
230850914
231230896
231332422
231473511
231607750
231839100
231858251
231943511
231955687
232089113
232142066
232190688
232296262
232418431
232897341
232953945
233036350
233113431
233130736
233493947
233524611
233865382
234268656
234525695
234568097
234648053
234705939
234717338
234851147
236417614
236567098
236630399
236726805
237128966
237321722
237386488
237417434
237461721
237612728
237998832
238382446
238840002
239143836
239989134
240125947
240231568
240519287
240721112
240935466
241141926
241166684
241196043
241212437
241367303
241526634
241732133
241977954
242131315
242343829
242352414
242445579
243016752
243166188
243338205
243497427
243559210
244124021
244387789
244519217
244866894
244962089
245340129
245430823
245761081
245946758
246027321
246090751
246330755
246652268
247377126
247386625
247764119
248175868
248785283
248862389
249073172
249430871
249453127
249571369
250891379
250978095
251311690
251647326
252108277
252117797
253700190
254479531
254558528
254773595
254806263
255168195
255267529
255313117
255378164
255456746
255539135
255679241
255700252
256000053
256012114
256356193
256597796
256666605
256708508
256882168
257064066
257284639
257289643
257818892
258135161
258331374
258402534
258407408
258764292
258827421
259025824
259757577
260382246
260568080
260646213
260745891
261429053
262142931
262168812
262271906
262320408
262432708
262622406
262703039
262706274
262836338
262889051
263636736
264087072
264225731
264259602
264470404
264990021
265346025
265582842
266181913
266229332
266586242
266652536
266748917
266949385
266973386
267005353
267454072
267588840
267686964
267853861
268194342
268246788
268410343
268440096
268517681
269337513
269741348
270020581
270039220
270230141
270257631
270276597
270380740
270387060
270746373
270757802
270776639
270895500
270981517
271059382
271095457
271143408
271214054
271217050
271546502
271593950
271783940
271901189
271989173
272125202
272167994
272218381
272338307
272399933
272431810
272460751
272689437
272708192
272933209
273030505
273350494
273502474
273584726
273706689
273763184
273814467
273846615
274061189
274146103
274320990
274373108
274498483
274665144
274675512
275025872
275046548
275125921
275216695
275451442
275705780
275738094
276181362
276343853
276528830
276818646
276822146
277122864
277182073
277231597
277361502
277388570
277397337
277562361
277716361
277741145
277894980
277901118
278029315
278094184
278133959
278188294
278282543
278295218
278299366
278475278
278614580
278670810
278789293
278797776
279062137
279130838
279205443
279227434
279462253
279502340
279551759
279568707
279598294
279622294
279666017
279872325
279884035
279970098
280125899
280146750
280172640
280245300
280297288
280312578
280398548
280404251
280407768
280419722
280462046
280774885
280790619
280949160
280954749
280967517
281094559
281182941
281394049
281477872
281481109
281489404
281570543
281605960
281773856
281830414
281982589
282123921
282198950
282282248
282429706
282699400
282742404
282745521
282749461
282773665
282901463
283520450
283589372
283746042
283858698
283890820
283976136
284329511
284462573
284535084
284597868
284664821
284675727
284699029
284921770
284996588
285107378
285196825
285224646
285281607
285370387
285474961
285507410
285592562
285612412
285688722
285834950
285893651
285968582
285996026
286332233
286505363
286645768
286661840
286848472
287055058
287532363
287585211
287616565
287629040
287694644
287701282
287757159
287790432
287896084
287935804
287993777
288044663
288134240
288148559
288201156
288241987
288323366
288385857
288402981
288415260
288448639
288450528
288492652
288494976
288554718
288698773
288801759
288885945
289023613
289042412
289085026
289115449
289199450
289217537
289263736
289339202
289379744
289425263
289507873
289534221
289616855
289628551
289719594
289752060
289758889
289761369
289766721
289767425
289776866
289802302
289913278
289935622
289942655
290368097
290527314
290562327
290583543
290620484
290647143
290707244
290812802
290952558
290954780
290975871
291005684
291094934
291188723
291205871
291208710
291264918
291347504
291412754
291451991
291461660
291485232
291503190
291788670
291811120
291825464
291841713
291866982
291908145
291953657
292004256
292043690
292153069
292167955
292186073
292211327
292221868
292250886
292373686
292462710
292556508
292608539
292695580
292718781
292750659
292963949
293055672
293112672
293208454
293247322
293264319
293322612
293355963
293380001
293506102
293597699
293632885
293732464
293764917
293833099
293878642
293887164
294043716
294061677
294086104
294087186
294148479
294181299
294181606
294228723
294279088
294385007
294440745
294444048
294544878
294554430
294577755
294664303
294746598
294753361
294826494
294845762
294866273
294911720
294925104
294932770
294936634
294937643
294940999
294947250
294961263
294969731
294984651
295041111
295079888
295097695
295109863
295232025
295253114
295253843
295313193
295313458
295327862
295355744
295388744
295404831
295443137
295451317
295453076
295507414
295589970
295600107
295878753
295886919
295917954
295918961
295968485
295969139
295981873
296063323
296154494
296168505
296177982
296204125
296233926
296236763
296324644
296331536
296367056
296411143
296470260
296490182
296532414
296537758
296553290
296657203
296759419
296854705
296882120
296892066
296914345
296926079
297049432
297079467
297198969
297301302
297302406
297353058
297389555
297406268
297413112
297417454
297420120
297455443
297463661
297471165
297565339
297582645
297731359
297740129
297748766
297795663
297805708
297861149
297867311
297980928
297984332
298324232
298468273
298557286
298633056
298737254
298767657
298779087
298798904
298799280
298864024
298871699
298903729
298912014
298966475
298990423
298995521
299014629
299018035
299161608
299184501
299219269
299352200
299353446
299501083
299513139
299559176
299584550
299699460
299727467
299936208
300276321
300308346
300460852
300461969
300522218
300860976
301016534
301030816
301109905
301122576
301130884
301157611
301199077
301246952
301289738
301446055
