24129790
32938757
34550456
35228528
68958057
75103553
78792417
83223459
92221154
93203344
96028718
104636278
105207161
127697691
134089845
140617227
146284834
151732943
161185305
163137547
165826204
169113624
172488796
172601570
185764286
187007547
198906042
209490370
212978848
218190128
226154399
227200762
227410168
228991632
233759872
244655956
247426383
257961641
262564772
265003335
265643624
266973386
272809283
278452339
279594658
279966128
280182621
284358253
284766654
288144618
297359547
297923142
299499133
301341422
301519773
