184394774
182560777
182208672
181272441
173610311
169220313
159032110
153856145
153533792
293324005
293243021
293324005
293243021
289648709
289498710
289374758
289042412
288817061
287755762
287089603
286895242
285256890
284525928
284504137
283968240
283308260
283096811
282796314
282587573
281846722
280043098
279300547
276721827
276637913
276526459
276079068
275669207
275531727
275271313
274418451
273165065
270720348
270610075
270004554
269574712
269292939
267188482
267146946
265173498
264003273
262814422
261294725
259242006
258251607
253863784
252433968
250491344
250491344
250491344
253863784
252433968
250491344
246696006
243849093
243730313
238258761
234165374
233627768
232778961
230485934
230233370
229948580
229923704
228970462
225855933
224801472
219677605
218262862
214734993
213752614
211242461
210613007
207819954
205831219
204877047
202928441
199112909
198952986
198367201
197324126
195164686
185888876
185859286
185585607
294282217
294263392
294221530
294115226
292886821
292691982
292645775
222972021
222880020
220633456
216123969
210324246
207058536
299531237
298916115
296877444
296224871
294739734
294163617
293563300
292850397
291572766
290170819
290128546
289339202
289042412
281711270
281400367
279502340
278294890
276670691
275902366
274855672
272460751
272385118
270720348
267523988
266157978
263001130
261294725
260747739
246120004
243730313
241006350
240231439
234517965
225578839
224872403
223976887
223587666
219537205
219517178
218596784
213752614
212975994
212026728
210324246
205205197
203265432
202683871
200182017
196415531
184394774
181331796
179889380
179636153
174840628
170814070
170581657
170462371
165586575
153533792
151982399
137026387
136073272
126503364
111329392
83966375
82298700
73463943
52760224
34212386
32853075
20382330
298088975
294006652
293229667
292928952
291072351
289811030
288879510
286260683
285256890
284504137
282796314
282789317
270825240
252228021
246427172
244914409
237242446
218464161
216123969
203375423
203349908
202552199
197324126
177185839
174655185
166760379
136682335
48036730
1553736
