60068119
60191872
65420545
52255475
59921851
23206079
34985835
81222855
8337923
30127198
42416529
69531273
66969366
67385374
39130136
59721672
10190856
57224893
53966216
68990901
36539410
35355861
50138401
45899404
36352266
60151187
45836093
46258034
52669455
53194143
44723042
68999007
53987979
72686157
40890830
55897568
28361911
30718427
53393661
58701785
74738426
48260982
66228080
58794015
45919781
52641008
63328766
41523334
21211791
61413825
62919013
28304846
73372981
57893500
24370682
17886
44431997
66882284
47350356
33704965
32538224
60682774
37321434
41760883
56516358
40925761
43554759
11270102
82792735
41508577
50016775
56449683
48156508
52805991
42297612
60399340
50061797
33769416
70010010
70146464
53294952
69100504
43711016
60042211
20186820
13672693
34245360
57873572
49938046
52629688
70451441
61898240
57079423
78473051
72690157
50704665
56354821
70429507
71580258
62503006
76071238
65688855
9436169
55149458
51252053
45432243
53676927
22100604
56111305
56381769
71461124
66184500
22633410
47550982
27786671
54830915
50125055
86677498
15198574
73382535
24535624
23238
69455804
42014739
89887709
56710000
82957864
41921998
58089365
56638180
52383594
53486528
34033961
67937747
78015709
40500282
14277
36713126
49098642
24908386
54305980
55888808
69079781
36697600
57231499
47828674
40523641
55986158
64459093
55740892
59007287
55778655
58640337
64601144
59921665
72149062
50400957
53425205
24068795
59918937
48466960
20952140
50456926
69398403
59031598
48838244
46087024
67004847
54658026
32612252
47901577
32244683
56173695
52172891
69826673
20215278
54943634
13035776
31068345
73053707
76331265
62630460
31594021
76538021
50100312
11266048
35373472
77067083
88444026
67823117
30563999
67823806
59450006
71438080
90294651
29524440
56571131
24375763
85922585
46865283
50069003
56802662
67892561
40267549
65861336
54647332
27924981
49688662
20138186
49248110
60576408
69000133
57597009
67548948
43259661
52232883
51231761
42605596
61270533
44511262
75460958
53185734
51682471
66906894
57167385
55214888
60518347
43297186
33277274
78052966
50051088
41270326
39772315
20295050
50441709
79626196
64322812
89899363
1222773
26217787
67173376
90395235
44569637
4081892
22309143
79244959
29910468
35218685
10196095
14149071
70476009
73739402
36689965
82918460
53583656
23136911
62499266
54388314
77305491
77819881
52995017
56469987
55161898
73072889
34471334
58278578
55530464
45383587
83503836
23148302
27818781
54424645
56143576
63809686
63980418
19074801
28045545
21918698
46034006
56836593
74896623
56987620
61421329
55810209
47288341
47129288
15555771
56953434
28682549
51155922
81864155
28424998
80792591
43185063
40951068
62177611
68820070
37008349
61972260
64872649
75728137
46774804
33758703
70869582
64103406
79661189
12133261
81306560
23739503
47260711
38252139
20166417
55939236
7056519
56029946
37580945
50608558
87614171
55880291
80984434
85019732
37071856
35040409
56099348
67208509
57563036
77655891
43053910
30493089
53889502
68663002
52997115
46584280
33043908
28221221
54450992
73462965
54135089
82151323
36230175
79677996
37637384
52529672
74806465
53854423
58826726
76291780
75355483
52090296
39038245
66598158
37018716
157
56331356
47825812
41497242
40866799
77902160
67554692
75177035
6015535
41832882
63462729
89175482
34854553
46368691
52522598
42330621
61522054
40049308
51268680
3205396
1823463
43343472
76143719
22865345
53915813
52459301
56180751
51301689
89130149
48478287
50619935
55822633
32343414
62193708
19425723
44270708
56177492
66098757
56380189
51706602
18712799
10608705
71181517
33123291
14864152
75408673
46769409
33428265
28476023
64661675
83051572
39686066
52453316
44634625
28429227
38378984
6377302
14492703
75390995
28941415
29521028
42277402
58793583
49903015
31377026
65391757
49986478
84216530
1553716
53629845
53754641
87880777
62923579
59388061
82729345
43535865
50654476
40626053
66016873
36053939
55759537
56767044
19873910
41743667
47602384
38190267
72972353
57266160
55938637
54973223
8577446
86433464
20996937
55679905
73607071
22887380
59583855
83739709
72134463
11525067
44818094
44901073
51876229
27420456
57742140
71826486
55772808
69586153
57764672
72021522
36650790
61264404
50933551
52986719
61569656
64959883
63932204
57465960
47688706
36304257
56535859
25337358
29721786
72377914
54933832
32388273
4855034
33292022
53793238
19313255
28206232
68509211
52145822
52457206
45748005
64198322
19620583
75498631
45486915
57583828
66151269
72835832
82187782
44120884
37111607
76244325
53303681
19451098
82547853
49357960
78842113
45749089
77290469
55324994
13424166
47252904
34934710
65552752
68384796
62895363
