69132
686684
1370443
2900116
3581255
7049466
7213140
8076982
9915503
10886016
11538981
13972317
14281030
14396349
15052096
17797051
18534025
18545942
18755812
20221050
21499476
21825415
22578468
24629798
25760452
25942308
28204345
30319740
30379994
33388811
34424123
37225694
37696981
38516290
42130725
43363936
44698848
45795427
45982812
46774368
48722567
50264162
50349623
51361902
52267849
57047014
57096091
57699014
58977298
59666478
60952290
62250386
62386890
63668635
66465392
67151577
67579456
68334835
71838186
72239452
72498004
73309659
77929632
80163028
82027750
87518079
89551804
89630989
90039937
91275116
92647014
93234017
95074108
96987775
99818382
100198849
100340764
101272748
102312518
102659517
102709159
103879212
104689412
104742089
105193343
107314833
108519214
