283028009
241424351
255566262
282448540
295788752
197372446
156121158
263772599
211598169
249068635
255266740
300926551
256576981
263303487
107282682
241939197
283043447
289330488
289447903
221801397
166813662
199371483
179462216
139161466
122302384
300365508
289126408
279643551
157535881
217099229
44024712
13688298
252296707
171076118
294428840
258734474
227905037
301327426
213281744
236027585
229745154
274902729
249603740
136387089
252324251
300546516
174643461
301468544
187926302
275794749
301134071
243262104
133388608
217745394
138008438
256468326
220588647
202573638
200350494
296077146
166261421
