2177039
2876321
3954777
4046691
4681697
5475701
6275034
7009308
7894650
10255349
11368903
11382569
11687299
12177522
12302262
12391111
12465264
13247661
13353487
13451743
13671094
13786460
16442815
16867676
17751197
18497712
18549615
18725212
19918445
20183808
20728790
22368291
22761834
23614012
24249829
25668024
29712848
31066521
33763915
34320794
38369265
40780065
42336098
42780905
43933193
44683878
46790319
49339296
52971106
55680890
57737609
58534479
63579684
64728277
70508078
84670881
87720509
91820486
106654584
118438927
132402352
133425305
133459025
134046209
134426630
135700064
143717960
152357874
152488530
153350787
153709576
154824601
157715590
159899674
159936684
162499508
166383444
166652275
167348356
167511775
167537600
167836472
168113867
172024094
172774723
176741692
177602717
179360535
182465731
183179700
187408660
188360810
189347851
193263923
196230448
200641277
202106207
204466148
206296345
208225301
