775480
1299951
1302279
1457022
1473144
1553736
11815978
13748951
17411815
20382330
22691484
30301281
32853075
34212386
35039082
35407527
40455369
48036730
51317899
52760224
73458662
73463943
82298700
83966375
86374621
111329392
113744311
119584047
126503364
127747227
131559309
132114886
132595183
136073272
136682335
140405965
141390818
141414806
147119930
150595788
151982399
153533792
158794941
159032110
163859179
165586575
166479189
167573902
168133363
170462371
170814070
171824423
171858710
172172296
173610311
174032164
174575887
174655185
174840628
176033202
177185839
179466885
180646145
181272441
181331796
181574821
182560777
184394774
184751027
185509504
185888876
187082849
190216204
191215679
191543010
194150157
195442912
196268336
196415531
196607695
196638995
197324126
200182017
200491108
201564882
202683871
203265432
203349908
203375423
207058536
207819954
208474648
208775607
211242461
211427737
212975994
213752614
213927318
216041691
216123969
