5197912
5196883
5196736
5196444
5196012
5195580
5195349
5194687
5193833
5193698
5193428
5192955
5192934
5192599
5191926
5191175
5190179
5189790
5188740
5188721
5188512
5188482
5187972
5187588
5187226
5186814
5185391
5185003
5184646
5184164
5182587
5181451
5181377
5181044
5180505
5180124
5180010
5180004
5179461
5179182
5178745
5177881
5177868
5177479
5177210
5177061
5176930
5176050
5174745
5174594
5173985
5173860
5173443
5173148
5172156
5171667
5171430
5171120
5170703
5170637
5169216
5168244
5167967
5167625
5167133
5166806
5164992
5164881
5164246
5164172
5164088
5163755
5163681
5163244
5163077
5162143
5162096
5161787
5161556
