5161220
5161531
5161556
5161747
5161787
5162096
5162143
5163077
5163244
5163681
5163755
5164088
5164172
5164246
5164460
5164881
5164992
5166806
5167133
5167625
5167698
5167766
5167967
5168177
5168244
5168612
5169216
5169648
5170424
5170637
5170703
5171120
5171430
5171667
5172156
5173148
5173443
5173860
5173898
5173985
5174001
5174359
5174594
5174745
5176050
5176930
5177061
5177210
5177479
5177726
5177868
5177881
5178745
5179182
5179461
5180004
5180010
5180124
5180505
5181044
5181377
5181451
5181641
5181765
5182587
5183469
5184164
5184646
5185003
5185391
5186814
5187226
5187588
5187972
5188482
5188512
5188721
5188740
5189790
5190179
5191175
5191926
5192599
5192727
5192934
5192955
5193428
5193698
5193833
5194059
5194687
5195031
5195349
5195580
5196012
5196444
5196615
5196736
5196883
5197912
